10009636
10017200
10034726
10060483
10062025
10062166
10063084
10071709
10073401
10075007
10088997
10092242
10103791
10109365
10111526
10113652
10131395
10134453
10134463
10142235
10149182
10182171
10229914
10231426
10233123
10243990
10256660
10281877
10295867
10299934
10323466
10324190
10329194
10331829
10333701
10352295
10356262
10358481
10364000
10369610
10384155
10391425
10393520
10406257
10422532
10427580
10427728
10466370
10468915
10485657
10494295
10509139
10519708
10520858
10539052
10575685
10582565
10591477
10605878
10611131
10611361
10636504
10637387
10651519
10668698
10673735
10701579
10720335
10752162
10755971
10769206
10769591
10777283
10780674
10791514
10792363
10804366
10814122
10830622
10840965
10848673
10861898
10870793
10872005
10873557
10875876
10881384
10890200
10890471
10900815
10913940
10919331
10920599
10936470
10954162
10957382
10970127
10986325
10987044
10991458
10995621
11007298
11008538
11020500
11021416
11021873
11034194
11036234
11036402
11037968
11044876
11049032
11059834
11063788
11065462
11083388
11083838
11093272
11095182
11097239
11097783
11107094
11126044
11155510
11174983
11183618
11189033
11191011
11199643
11203893
11209108
11210378
11216468
11223679
11227414
11275170
11290444
11297711
11305662
11311585
11315910
11359700
11379490
11390072
11392832
11411875
11415062
11418540
11431232
11441006
11443275
11445728
11454215
11457705
11463099
11500814
11509911
11518726
11532621
11565159
11577606
11581482
11595110
11616485
11616824
11621898
11631654
11640321
11643567
11652178
11658946
11661824
11678041
11680980
11684228
11684328
11711390
11713360
11717342
11727626
11744681
11747524
11761093
11785672
11796996
11799546
11804312
11806129
11816203
11829929
11832225
11841592
11858781
11860716
11862855
11871342
11874109
11876114
11879571
11885498
11889086
11890765
11904554
11922132
11928706
11931447
11931905
11936165
11941411
11981821
11981981
11993248
12011487
12017751
12023940
12025022
12042675
12045233
12045437
12045584
12049580
12081387
12082059
12119736
12135037
12139894
12141963
12156703
12159608
12165816
12166105
12169640
12181236
12184937
12187016
12202125
12206856
12217422
12221915
12229063
12249431
12259219
12262161
12268856
12273072
12283163
12289734
12296797
12297311
12322813
12323135
12323571
12332893
12336000
12346884
12348003
12352320
12364112
12365910
12366479
12371502
12372615
12379386
12383299
12392493
12400268
12407372
12434979
12441644
12448818
12452137
12472468
12475827
12489174
12489250
12493155
12494927
12495608
12504889
12515730
12521886
12525514
12530646
12541811
12563942
12573704
12576766
12581433
12586911
12591093
12602316
12622794
12633738
12677347
12679595
12679919
12688687
12689605
12690736
12693913
12701502
12748069
12748356
12758439
12761381
12762318
12765300
12766349
12774714
12806611
12808251
12816926
12821138
12827236
12829536
12831012
12836298
12837436
12842041
12854345
12862342
12865480
12877805
12883583
12885333
12894436
12910618
12913220
12913293
12915043
12916345
12916796
12920493
12921664
12922681
12928562
12944148
12949300
12960919
12967115
12975589
12992409
13004411
13004715
13005657
13008372
13010216
13027186
13028480
13033726
13034766
13034911
13040003
13051771
13068629
13078156
13087463
13095788
13116269
13134579
13149235
13153124
13158454
13184978
13187686
13201331
13213862
13223141
13227441
13228068
13236176
13240666
13245363
13257597
13261381
13273179
13283769
13304442
13335014
13348550
13353451
13360399
13360789
13371067
13371493
13399256
13405318
13424190
13424383
13424542
13438505
13440638
13442269
13446582
13460482
13460609
13468910
13471519
13481096
13489397
13504463
13519153
13519671
13520423
13527504
13532227
13537989
13549586
13550790
13581400
13597713
13604067
13612588
13618563
13626495
13648828
13653984
13655765
13656201
13668875
13688252
13691571
13702468
13703486
13704332
13706284
13707079
13719334
13738724
13741471
13745895
13746694
13750537
13758736
13774084
13775976
13780610
13792687
13801916
13819968
13824082
13830635
13835843
13860745
13865806
13883499
13885833
13889462
13898100
13908731
13918696
13929279
13942234
13955710
14005701
14015666
14033153
14040905
14044915
14083982
14102709
14108796
14111398
14127621
14130645
14131882
14138023
14138636
14143276
14146897
14159651
14180220
14193135
14195682
14195861
14208068
14216244
14219808
14220460
14230842
14236467
14244536
14266965
14292925
14295915
14298077
14304814
14321995
14336240
14352350
14366014
14368609
14370518
14371990
14379722
14388376
14405495
14408785
14428650
14429491
14432566
14435977
14443190
14462494
14474690
14500817
14511977
14529926
14538674
14546238
14555224
14564331
14571986
14591895
14597086
14607179
14631905
14657477
14667074
14669371
14672618
14717832
14723438
14727844
14749722
14754561
14767423
14785144
14788576
14810979
14828986
14842276
14869439
14884657
14892183
14915667
14920005
14920382
14935669
14954492
14961601
14970484
14981568
14985379
14987020
14988381
14996452
15001264
15006318
15011171
15015036
15015081
15017179
15037309
15043272
15054553
15071459
15073895
15079742
15084121
15085979
15090613
15128704
15135273
15137026
15140064
15157358
15163533
15174806
15176381
15185061
15188379
15191467
15197245
15199208
15204941
15219920
15243650
15266265
15269919
15279116
15289842
15296983
15314223
15333909
15339914
15349918
15354324
15359793
15361494
15372254
15372487
15391825
15392589
15398322
15402429
15405083
15405436
15406452
15412782
15423413
15434937
15439249
15449845
15452088
15457506
15485466
15489396
15497473
15497941
15507598
15529726
15558368
15561110
15564724
15564869
15565859
15584295
15617732
15622456
15637976
15649553
15656808
15657464
15660936
15664405
15668695
15674970
15693893
15700787
15718360
15718364
15718978
15734218
15742403
15769347
15800799
15816055
15820502
15820626
15830116
15830275
15831871
15846174
15849434
15865349
15872549
15877095
15883509
15890701
15897180
15915653
15926706
15947998
15960260
15960759
15963439
15981523
15981843
15984093
15988016
16009090
16012141
16014672
16019746
16027239
16029492
16034690
16056868
16062289
16067973
16074652
16079044
16092767
16116117
16116619
16119311
16120263
16139214
16141826
16142312
16144951
16165578
16172098
16174945
16180667
16194842
16201592
16204984
16217864
16238384
16246980
16259033
16262933
16265564
16284174
16288492
16289763
16299067
16299129
16306654
16309367
16326653
16328202
16331019
16335589
16337765
16364050
16381656
16394875
16408473
16411314
16411973
16416622
16421631
16424069
16426656
16433904
16442382
16445439
16452319
16461378
16463731
16466325
16479741
16480447
16483054
16486373
16502656
16513167
16519820
16523408
16537676
16542347
16544024
16545935
16574997
16579686
16595321
16616892
16623881
16638601
16679822
16683049
16697325
16706495
16708901
16711207
16724484
16726144
16746290
16746850
16758019
16759762
16760375
16762446
16771550
16781521
16784179
16785376
16786481
16805284
16810843
16826104
16831070
16848429
16852917
16869813
16870143
16894009
16928215
16932825
16934364
16935848
16939683
16942069
16953642
16957805
16966982
16985284
17000863
17009706
17026746
17037868
17045281
17052844
17068920
17070984
17070986
17078411
17084132
17086437
17090310
17097458
17107162
17107488
17110556
17115991
17125123
17127854
17132870
17142141
17144437
17147338
17148966
17152752
17160061
17168654
17171291
17178710
17185671
17189684
17197350
17197438
17204622
17224391
17231364
17233445
17237394
17238750
17241635
17242524
17248996
17261987
17264830
17264909
17266341
17279906
17288879
17300204
17301752
17305199
17338230
17343635
17348229
17350300
17356670
17361433
17375524
17380160
17386296
17397651
17398955
17410910
17426272
17426490
17427316
17439272
17460204
17477946
17497165
17507670
17525417
17528567
17543720
17610875
17619139
17635092
17646311
17664026
17669713
17676071
17686708
17727451
17730693
17749834
17753984
17755761
17760321
17760393
17764457
17766480
17772554
17773285
17777458
17782631
17797231
17805522
17855680
17865726
17872290
17881217
17898618
17902437
17930976
17931551
17932644
17968826
17975857
17977690
17985076
17986598
18001112
18014687
18015375
18017616
18021195
18033014
18051432
18054027
18061566
18062278
18063723
18072472
18086345
18086584
18087777
18099966
18119390
18137636
18138550
18139409
18141513
18147111
18149572
18154272
18160476
18186478
18215519
18216975
18232934
18233019
18256551
18287867
18302816
18312728
18331007
18360361
18369328
18380565
18411944
18417431
18417800
18422998
18429005
18429189
18429847
18447947
18463555
18465033
18489973
18493529
18493998
18499064
18499210
18500415
18517190
18520947
18531506
18543583
18555520
18558374
18558863
18566716
18567765
18579049
18586936
18587057
18592829
18606797
18608117
18616899
18622993
18638368
18642449
18650678
18662787
18667098
18668849
18671568
18673020
18673778
18677226
18694030
18705419
18739185
18744261
18749991
18756961
18757952
18764812
18764868
18769198
18788267
18801550
18807231
18825398
18840101
18855559
18869207
18885084
18890409
18894346
18896217
18897206
18899634
18914792
18918107
18927068
18931698
18943671
18947558
18957720
18959639
18971359
18982007
19005319
19014885
19036705
19056777
19070161
19071843
19072118
19074223
19074517
19084465
19099543
19108131
19113714
19114619
19125756
19134128
19145758
19148689
19163638
19196762
19217770
19222004
19227839
19229834
19232615
19233781
19245781
19259347
19262734
19286545
19312859
19329163
19332466
19346651
19347659
19347894
19356195
19362572
19362671
19374130
19375196
19388153
19389269
19395699
19398237
19404884
19405925
19419077
19423432
19423851
19432642
19435183
19439936
19452646
19452769
19454231
19454664
19455453
19459569
19465311
19480358
19514709
19534314
19550183
19550526
19551073
19583529
19595336
19602511
19621251
19626947
19652334
19658497
19662832
19664166
19670907
19674772
19696335
19698174
19698973
19700458
19714041
19714669
19715527
19718876
19720079
19736160
19739696
19743876
19750647
19761486
19768437
19768558
19799204
19825783
19828811
19834149
19843602
19855483
19860499
19907590
19919537
19922303
19925884
19936368
19937741
19941970
19951002
19961153
19972464
19973943
19981302
20004182
20016232
20021007
20023169
20032412
20036612
20042863
20044690
20050575
20059415
20079444
20079562
20081624
20090306
20111921
20129873
20133797
20137579
20142894
20149831
20156610
20160359
20164986
20168708
20175794
20177572
20185538
20186967
20188237
20190418
20202502
20204979
20213328
20213986
20217481
20219028
20221402
20223938
20230340
20232934
20261246
20286668
20287316
20296503
20304689
20308001
20309370
20317989
20319579
20326473
20337167
20343292
20344623
20348888
20352333
20352424
20353767
20396696
20396789
20402657
20419385
20421915
20437760
20439451
20443409
20445520
20449408
20457236
20458020
20459583
20469630
20475455
20492687
20511180
20516162
20516730
20519789
20525842
20537066
20552811
20565136
20594769
20599753
20606826
20614776
20629686
20633961
20634810
20673631
20695890
20698464
20709569
20719735
20729727
20732418
20737943
20769370
20776474
20785063
20785778
20794696
20805637
20810661
20834195
20836165
20879556
20882871
20883922
20901176
20902689
20911040
20911481
20914590
20916328
20924613
20932201
20951149
20985361
20998320
21012320
21040758
21053349
21057388
21069097
21079691
21086769
21099494
21119371
21122992
21125266
21142581
21149511
21162028
21167474
21167939
21175562
21177203
21185091
21192618
21193324
21224247
21233381
21237108
21247155
21249990
21253769
21266452
21268760
21287253
21289793
21294082
21295661
21296051
21305303
21311376
21312322
21330123
21333602
21336139
21336976
21337774
21343142
21354150
21374720
21385435
21390452
21399318
21410049
21411390
21434098
21441193
21454582
21465192
21467657
21476149
21483494
21511053
21524831
21526594
21532849
21535101
21536005
21547050
21561349
21563559
21573484
21596135
21607359
21608867
21617831
21628987
21651413
21659224
21662660
21668688
21676870
21679630
21687790
21688680
21690423
21700555
21705529
21708091
21710876
21713631
21722524
21730293
21740477
21748417
21755677
21769134
21771427
21782071
21788488
21797992
21807379
21813244
21834749
21837401
21842016
21846873
21859371
21924433
21942804
21951884
21956400
21971874
21980650
21986689
21992774
22009211
22010544
22028089
22031068
22039287
22051223
22054027
22064686
22091554
22123460
22128793
22130770
22138104
22141904
22147301
22150635
22159920
22161049
22162979
22166132
22168882
22169320
22170095
22172289
22183877
22192370
22194616
22206961
22225575
22232672
22233358
22238141
22251765
22258258
22286260
22287309
22301901
22310450
22327742
22344994
22347809
22365296
22368309
22394048
22404428
22406555
22415798
22415851
22418448
22432413
22447306
22448737
22450285
22474606
22488372
22490448
22493552
22503879
22511810
22534099
22538234
22542781
22562961
22567753
22568870
22571187
22584881
22595868
22604932
22608032
22611626
22620668
22620741
22624563
22635647
22641277
22649210
22663554
22664255
22676249
22683419
22686939
22714757
22731516
22743616
22807867
22811385
22818089
22825349
22844164
22848572
22849938
22855737
22861150
22867186
22875147
22878243
22883736
22892894
22903872
22913804
22917213
22919698
22922425
22927625
22940687
22955089
22960580
22985521
22988610
22994379
23000131
23002122
23003255
23014128
23022220
23032721
23065180
23066138
23067008
23087123
23106933
23108761
23112110
23114982
23116216
23156461
23183835
23195555
23204276
23209409
23212734
23264990
23267984
23274400
23279857
23288154
23303327
23305890
23317610
23323892
23358090
23365279
23370116
23370503
23403984
23410103
23411306
23411714
23411925
23416651
23444353
23447881
23470299
23475562
23480083
23480151
23480573
23482421
23490031
23491339
23493135
23517221
23518035
23518243
23518804
23543418
23567292
23579775
23581786
23585533
23600011
23600792
23608025
23608554
23611615
23613852
23621343
23626716
23632450
23632757
23633511
23636469
23646984
23649736
23668726
23681622
23682617
23704034
23705231
23708197
23713419
23718932
23728741
23748457
23766686
23782896
23784238
23788401
23794180
23796939
23803894
23829331
23835505
23846995
23858819
23900689
23905092
23924307
23939854
23952765
23953834
23962220
23971297
23978560
23984101
23985490
23992487
23994360
23999216
24013557
24015375
24029753
24042643
24046794
24051377
24072861
24075184
24076881
24084745
24114589
24123066
24132265
24155187
24166301
24168729
24170730
24186663
24193431
24195572
24199048
24241223
24250145
24250356
24253916
24253983
24258276
24270506
24275530
24277548
24286701
24293125
24294844
24305722
24305887
24333841
24369533
24378583
24379403
24392793
24401902
24408967
24415315
24425091
24425801
24426991
24455889
24460706
24471576
24477408
24492345
24504639
24514698
24520623
24528368
24556345
24575212
24577466
24586460
24597432
24602696
24602918
24608456
24617751
24621427
24631498
24632300
24637403
24637446
24643702
24652211
24662890
24665377
24669382
24671681
24672920
24677038
24685812
24689096
24694446
24702806
24712202
24750251
24750769
24753039
24753524
24753994
24761188
24764279
24764470
24773240
24782142
24787652
24797245
24798153
24811602
24815505
24829425
24834274
24843526
24858145
24864611
24883111
24893640
24903266
24904098
24932973
24954074
24959483
24973180
24981979
24982444
24992643
24993151
25000179
25012838
25022719
25027588
25051232
25063110
25068960
25071107
25078358
25081565
25098498
25113970
25120531
25132805
25155078
25160761
25176112
25180177
25183200
25205184
25216678
25237343
25240332
25240379
25260065
25278525
25297286
25317194
25321289
25343721
25359631
25363401
25379175
25384614
25388614
25392733
25399115
25406910
25407507
25412200
25422175
25429977
25444907
25452640
25472118
25476447
25480290
25487569
25492302
25493981
25498475
25498480
25500413
25501761
25508186
25510537
25515244
25519658
25525718
25527897
25528085
25536269
25546366
25554293
25562771
25563565
25566491
25571495
25577518
25584938
25608669
25610223
25612489
25630148
25635084
25646666
25648600
25655400
25659488
25671717
25689155
25700384
25726794
25746813
25749968
25755988
25764648
25774305
25780283
25786522
25794351
25806036
25811109
25826426
25842127
25843343
25876448
25877338
25882318
25882437
25950425
25953334
25957496
25964610
25972005
25974729
25991894
25992702
26033245
26064988
26097233
26103752
26105433
26110563
26113578
26123537
26123888
26123962
26126236
26134716
26142608
26142804
26196571
26206165
26206705
26212886
26228286
26229752
26230617
26240441
26242292
26242503
26244991
26247186
26257450
26257621
26259027
26266869
26291735
26305430
26309249
26310916
26311385
26314642
26317313
26324459
26346413
26346631
26367195
26373180
26378389
26382083
26385250
26405724
26407926
26409650
26418363
26426678
26447448
26483437
26498770
26504863
26504947
26518793
26523383
26527043
26533887
26540424
26545121
26549509
26585501
26585919
26590167
26599623
26604899
26607933
26648722
26652160
26662803
26665022
26676610
26677383
26686231
26700558
26723113
26735955
26738085
26777381
26792553
26810370
26817686
26821627
26824459
26824775
26826383
26858879
26873770
26875988
26877764
26885346
26886606
26889404
26892288
26895086
26899762
26900085
26904387
26906481
26906863
26915923
26919301
26930245
26934058
26946183
26952155
26952638
26958309
26967203
26984370
26985291
27016273
27018623
27019936
27039909
27054124
27056454
27056510
27058782
27071893
27093411
27099196
27101301
27103803
27124891
27135001
27135234
27135398
27158520
27171864
27172779
27185417
27207160
27210450
27242941
27248409
27252341
27254323
27266862
27288876
27290589
27295039
27298571
27309560
27319221
27320937
27323823
27331917
27333586
27334529
27336121
27336742
27337759
27352231
27352686
27355575
27365488
27366859
27367709
27383326
27385311
27396182
27396524
27397024
27401157
27429373
27444602
27448263
27459707
27481195
27484491
27486279
27488301
27488636
27495109
27501633
27502876
27514130
27517020
27530254
27530951
27545747
27560793
27567412
27619412
27619975
27626015
27641642
27649790
27652314
27663603
27676105
27686664
27699060
27702315
27714238
27720842
27725312
27731529
27741256
27741426
27754172
27755603
27763098
27798887
27813256
27824885
27825719
27826779
27829105
27838582
27843733
27855536
27856437
27860634
27877395
27878320
27892437
27896194
27913901
27918891
27925452
27940670
27941089
27945242
27964037
27971702
27972981
27974959
27987539
27989364
27990369
28002538
28007632
28007766
28008674
28027545
28028333
28032365
28048063
28062578
28071538
28084904
28105927
28108421
28110473
28137719
28146626
28185993
28194449
28195472
28197914
28208175
28221503
28229639
28232222
28234726
28245925
28247112
28247799
28253073
28258765
28262068
28263606
28270816
28284936
28286837
28296765
28306742
28324065
28335134
28389965
28393769
28396215
28408382
28409499
28435377
28460782
28462192
28470530
28470648
28477298
28491757
28499286
28506364
28516094
28524549
28525199
28544340
28551798
28552139
28554156
28563767
28568075
28576999
28582515
28584522
28599646
28610207
28620318
28633753
28642303
28645213
28645306
28649791
28661600
28668381
28679342
28684574
28690627
28727259
28734746
28739160
28741204
28762615
28765750
28766141
28768496
28769951
28773063
28781593
28793051
28798631
28801832
28802968
28817722
28819377
28838820
28839260
28854965
28855238
28860998
28864858
28868673
28870630
28891593
28892946
28903029
28903724
28903736
28935201
28944792
28956728
28962545
28967514
28967576
28974743
28979176
28982771
28990510
29001243
29010115
29012314
29024372
29032868
29033489
29051944
29052754
29066517
29072186
29086837
29102301
29107653
29115051
29115116
29130917
29140876
29144620
29152757
29154045
29160054
29165399
29169809
29179660
29188049
29189896
29209333
29212368
29227904
29247296
29250181
29267732
29280845
29294955
29296622
29297804
29319110
29319302
29338654
29341829
29381082
29383581
29390588
29410724
29411575
29429818
29440861
29455715
29477451
29484408
29509478
29509976
29511289
29514253
29525363
29529662
29541219
29545466
29545893
29546009
29559756
29562212
29568413
29585011
29587785
29592534
29632001
29638912
29646295
29659185
29666525
29671626
29700525
29703252
29711558
29736213
29740161
29741436
29741606
29762412
29790495
29831622
29845260
29846525
29850580
29858269
29858962
29871662
29880048
29881969
29891780
29893364
29906551
29907871
29910877
29913076
29922057
29922758
29947732
29951784
29952299
29955368
29958001
29959541
29965666
29967843
29972101
29978429
29981033
29991924
30003152
30010473
30011992
30027464
30028741
30045882
30054672
30072328
30096748
30102768
30117294
30121781
30128307
30133303
30133541
30149262
30149432
30168968
30169774
30175689
30182578
30192112
30205175
30210236
30224166
30224614
30236141
30237442
30264079
30266960
30266987
30274286
30320401
30323550
30351552
30352517
30408468
30428167
30435160
30441903
30447630
30467071
30475957
30489801
30492933
30504622
30534454
30555584
30557271
30561434
30561965
30563239
30568573
30577825
30579748
30584066
30587666
30592101
30594845
30597155
30597273
30597413
30601569
30611129
30615894
30626304
30640053
30651158
30655230
30666347
30666764
30671195
30675816
30679293
30692977
30694133
30709200
30729239
30730078
30733296
30733790
30743644
30748796
30749776
30774175
30785344
30790543
30808025
30808381
30812012
30813204
30816879
30822651
30843519
30844095
30857072
30868676
30874416
30886294
30904629
30905863
30906587
30918375
30932910
30940786
30944716
30948240
30948251
30960261
30966790
30981483
30986190
30986931
31006536
31021001
31023618
31023673
31026095
31047600
31050938
31053464
31063845
31080394
31100249
31119605
31124816
31133606
31135573
31151321
31158414
31159179
31222516
31233311
31233667
31244423
31245535
31258589
31261023
31275347
31282812
31294294
31299423
31303340
31321533
31321799
31355585
31361492
31367207
31383171
31399155
31408712
31424580
31465913
31468219
31488578
31504672
31514540
31519013
31519756
31529345
31534639
31600676
31606815
31613258
31630348
31634884
31650401
31653838
31668087
31672921
31674206
31686198
31688644
31690040
31704403
31710291
31719818
31729208
31729583
31733102
31749887
31751060
31754541
31776341
31786505
31794010
31818820
31821263
31823623
31827820
31839824
31867537
31869671
31876611
31876668
31877483
31881376
31882430
31890574
31907569
31909247
31918696
31922837
31924180
31924824
31939333
31948470
31959900
31974033
31983056
31987996
31989807
31996396
32003460
32011194
32019603
32024513
32026814
32034413
32037050
32051458
32091502
32103623
32110402
32116127
32124338
32134089
32153141
32156391
32176950
32198435
32209832
32221230
32226273
32229363
32230976
32251616
32272853
32274517
32278339
32294051
32313379
32329652
32335169
32340956
32350832
32378734
32390982
32393460
32421175
32462596
32469118
32472835
32473218
32478622
32486943
32489048
32496509
32501969
32510605
32523881
32527320
32537922
32555430
32555767
32558892
32584118
32586142
32588792
32589616
32590991
32591346
32603159
32605952
32605991
32606527
32616612
32621610
32628245
32635006
32641723
32645578
32647546
32685236
32685570
32691996
32695130
32701191
32705850
32709260
32709624
32710834
32711736
32733425
32749098
32762509
32765028
32794269
32805628
32814465
32819443
32820203
32823578
32838020
32840725
32858081
32860870
32870214
32888526
32893421
32899902
32922854
32941800
32950638
32967376
32971465
32980612
32994687
33003108
33014681
33020595
33023200
33038920
33060137
33064666
33073034
33091589
33097223
33097404
33107023
33122618
33125236
33128675
33137389
33141133
33164150
33164329
33165137
33178874
33180675
33182773
33193937
33208966
33218761
33223511
33224426
33235732
33240946
33242406
33265607
33288168
33291483
33293642
33305605
33310799
33313360
33318934
33337679
33346701
33351261
33352771
33356542
33365595
33374423
33385496
33387248
33408330
33434236
33445711
33449336
33454207
33469442
33473048
33482805
33492479
33520938
33521037
33521233
33557052
33567971
33579804
33584435
33584473
33600428
33602778
33608008
33617125
33651264
33653790
33654366
33654411
33654587
33658154
33683085
33683521
33701405
33712360
33713174
33735505
33741379
33765543
33772856
33774551
33781684
33783028
33790735
33804665
33806183
33809766
33822413
33826006
33830449
33832619
33837646
33837696
33838375
33849587
33853294
33859111
33861916
33878535
33879069
33880596
33883431
33891635
33896053
33906355
33913498
33913686
33915043
33915894
33924359
33924585
33936799
33980111
33994002
33999692
34001254
34008517
34011013
34014390
34018976
34024280
34031875
34036518
34041338
34045976
34050713
34084803
34093731
34103624
34124262
34125537
34130371
34137867
34138240
34141352
34156571
34186259
34186344
34186372
34186931
34197256
34202906
34203932
34207860
34216337
34237914
34244538
34246825
34248019
34249575
34249582
34255014
34280937
34285266
34291431
34311069
34317367
34328616
34336520
34340179
34386783
34388769
34393200
34400501
34422000
34426148
34429497
34436210
34450614
34454451
34462815
34472150
34486547
34507138
34510316
34538280
34540691
34548661
34558098
34561667
34564906
34567704
34570006
34585632
34606043
34610250
34610594
34612396
34613484
34615796
34625820
34632265
34639021
34641556
34644733
34647363
34649096
34651362
34654448
34662418
34665003
34668033
34673064
34676062
34681804
34686665
34687533
34688108
34697992
34698888
34712382
34712388
34713615
34731474
34737001
34738949
34748917
34753760
34759283
34760438
34762107
34763213
34778806
34782372
34784041
34786686
34789903
34817899
34828291
34830080
34835360
34844354
34849267
34860075
34877475
34915355
34923712
34929033
34934042
34935711
34937824
34940450
34944343
34956916
34992997
34996705
34998999
35015994
35055079
35073778
35078699
35086798
35088072
35114891
35115304
35141295
35142627
35146095
35174733
35179825
35185518
35187853
35195952
35213996
35250964
35253747
35278725
35281884
35293708
35302218
35308622
35312258
35317341
35335589
35339451
35341257
35362424
35364712
35379668
35384539
35386387
35402710
35404836
35405773
35413876
35441519
35447547
35451073
35455550
35468223
35476118
35493259
35500437
35503586
35510656
35527887
35549145
35550728
35576214
35582593
35586305
35588038
35589700
35590563
35591516
35591654
35600622
35621586
35631353
35640533
35643885
35644725
35648663
35677908
35678452
35685006
35691216
35709554
35717720
35731979
35738380
35739971
35762637
35787681
35789233
35794189
35798052
35802140
35803711
35810864
35815559
35820867
35831705
35836502
35836793
35843261
35844982
35845265
35847242
35847283
35848874
35864170
35871234
35896197
35908609
35916066
35929985
35932357
35934540
35941694
35947924
35952925
35971949
35974838
36003433
36008244
36010983
36016945
36028066
36043366
36059128
36059828
36063157
36081125
36095086
36117752
36122565
36124820
36128760
36130908
36135572
36177174
36189334
36197985
36235032
36239085
36240937
36251892
36270004
36272042
36274097
36295237
36296384
36349413
36363931
36374365
36383155
36392003
36398612
36399325
36402340
36403073
36411172
36413848
36415443
36418787
36425829
36452727
36455503
36465783
36476909
36486041
36486098
36495272
36516448
36520730
36538413
36544257
36547202
36549348
36551707
36559419
36590139
36601008
36615747
36633493
36636945
36643708
36645885
36655157
36661631
36672500
36672978
36689792
36692886
36693737
36694531
36703893
36729411
36744933
36751851
36758603
36772579
36786347
36787450
36815300
36835079
36839945
36843728
36843940
36867113
36882633
36889065
36903647
36907030
36908536
36925637
36928546
36929675
36940695
36950959
36951702
36957556
36962168
36988831
36995916
37013458
37020131
37033702
37034365
37040092
37043425
37043812
37046049
37056058
37059769
37063521
37083996
37101621
37133793
37139182
37184291
37186223
37199266
37215012
37221522
37258626
37258726
37266746
37278245
37281237
37296955
37302648
37306893
37323791
37334130
37342334
37345325
37347873
37356002
37360887
37367005
37367974
37370671
37383226
37393608
37406987
37416200
37416405
37417437
37422379
37441722
37445056
37448142
37454165
37455522
37458935
37460631
37462653
37491735
37518194
37520967
37523860
37541771
37553792
37556763
37580218
37583081
37594625
37602098
37604088
37611000
37611853
37617439
37618195
37625314
37628656
37630790
37637545
37649746
37653448
37654327
37679463
37694240
37706152
37721133
37742679
37748015
37757883
37767986
37784383
37801076
37804798
37805539
37824105
37825955
37832469
37849033
37849126
37855599
37874024
37874401
37878456
37919709
37923910
37925650
37925836
37929844
37931485
37936415
37945282
37947631
37951018
37959717
37965201
37977178
37995568
38032632
38042924
38065799
38077823
38112860
38118942
38119827
38122692
38125365
38135818
38137388
38142144
38144713
38148645
38151773
38154488
38157530
38167892
38173722
38211972
38215255
38222261
38252610
38260953
38266073
38278009
38288857
38301084
38308192
38326954
38328879
38335559
38341928
38343649
38349254
38358638
38383148
38390899
38421302
38426345
38427225
38434466
38444196
38461603
38468492
38480735
38485880
38485920
38486946
38494286
38500326
38500646
38513464
38518344
38520538
38524555
38533122
38541040
38543671
38548816
38558766
38566002
38566363
38578107
38594620
38659069
38659699
38662439
38667294
38674755
38677968
38691087
38700798
38702243
38724342
38739321
38759087
38769911
38785234
38791179
38794290
38794481
38796184
38800022
38812640
38815493
38817383
38824906
38838675
38851405
38861805
38874947
38875126
38895157
38903710
38914656
38924633
38925919
38929027
38949529
38964211
38965557
38972447
38978310
38986671
38987143
38987274
38999115
39017128
39020147
39020220
39036864
39045457
39072689
39076457
39088045
39088836
39094215
39094387
39100519
39106014
39111425
39142512
39147982
39161421
39171777
39172782
39174977
39175969
39179552
39183990
39188037
39192182
39196372
39196954
39210889
39217278
39221851
39225484
39227871
39230779
39233804
39236747
39246295
39249574
39260124
39273093
39276351
39282720
39290395
39317098
39321508
39324674
39326611
39380230
39398853
39400842
39402235
39402602
39403940
39407182
39418094
39420619
39424655
39428070
39429261
39431225
39436556
39440363
39444785
39448581
39466810
39478422
39480228
39494511
39499286
39499653
39500805
39502689
39513354
39515989
39521429
39525618
39549620
39557918
39567495
39569748
39573866
39574026
39581055
39585732
39656202
39656410
39665674
39669897
39679126
39692172
39706302
39711233
39715649
39715956
39719497
39719707
39721868
39728478
39732398
39735881
39770931
39809153
39832271
39853774
39855582
39861223
39875024
39876481
39881091
39886537
39891737
39901582
39914742
39925412
39927258
39939187
39944606
39951047
39958019
39967768
39993660
39997964
40013362
40018851
40024649
40025431
40040314
40047921
40049959
40074373
40081802
40082623
40096657
40096710
40097055
40098071
40101806
40103462
40109366
40115696
40129043
40134587
40149880
40187493
40197918
40208211
40210764
40234454
40243824
40246711
40251886
40269811
40285624
40293760
40298629
40307195
40314527
40321323
40323222
40335388
40337731
40339835
40342474
40346314
40347533
40354413
40368084
40368143
40368900
40370866
40390358
40392187
40399813
40407441
40411492
40415687
40423201
40423511
40430690
40432892
40435040
40448718
40449388
40471800
40472993
40476344
40477339
40483396
40489306
40500405
40507812
40513161
40517926
40521523
40523671
40527908
40535161
40551697
40560196
40577470
40582272
40615889
40640319
40647591
40658319
40658410
40666977
40668258
40696007
40697338
40712282
40715712
40721509
40731935
40738936
40753859
40764014
40773469
40779122
40790543
40791378
40793861
40796684
40807883
40809010
40823193
40828294
40828728
40847329
40847864
40853298
40861530
40902163
40924232
40924765
40936230
40936758
40953392
40957691
40969124
40976931
40988804
40994864
40998519
41020864
41022822
41032953
41056113
41062906
41092520
41101445
41112409
41131483
41136629
41137978
41138710
41147033
41151497
41159885
41162202
41170492
41174279
41198221
41216068
41223889
41255567
41262959
41264614
41266708
41270536
41286088
41290484
41291294
41314855
41315277
41324976
41336202
41355046
41366278
41366561
41367334
41369110
41389202
41397554
41399161
41402954
41452920
41457260
41458482
41466015
41487502
41492193
41497980
41508162
41523231
41526008
41544066
41547916
41567099
41576611
41596862
41598416
41616456
41628001
41630412
41641676
41645499
41648732
41655846
41662773
41695731
41711679
41726269
41734259
41735419
41739063
41739079
41749753
41750867
41760213
41765433
41774338
41776789
41779578
41779669
41779946
41780731
41792751
41817743
41825008
41826525
41830105
41830250
41847454
41871991
41876002
41879504
41880212
41905746
41908676
41915493
41924334
41924778
41935150
41939370
41944921
41950458
41951025
41969966
41974068
41981561
41986808
41995368
41998936
42004064
42006176
42020463
42024452
42027635
42027895
42034478
42035605
42039202
42048612
42053339
42059326
42068290
42076437
42086840
42091104
42095455
42102061
42112527
42147199
42147847
42154150
42159302
42168853
42183359
42186266
42187072
42191637
42197256
42205892
42229386
42247043
42250952
42256595
42257365
42265110
42284553
42286112
42316412
42325586
42339219
42340552
42347220
42367652
42388744
42444146
42471027
42474285
42475496
42504412
42515080
42522652
42524237
42526406
42530026
42530389
42540263
42542160
42554750
42568050
42589158
42613099
42628963
42646407
42652508
42662429
42669972
42675187
42681453
42693402
42694698
42705657
42731580
42732259
42734050
42740418
42770114
42777023
42780064
42786209
42805415
42816080
42819245
42832714
42833005
42840955
42844233
42851218
42856915
42875387
42889243
42889974
42950671
42959993
42962933
42977303
42981970
43008712
43024707
43029762
43030600
43033171
43038206
43045368
43057675
43058073
43069975
43070214
43076711
43109906
43111446
43111808
43115278
43124190
43131703
43132897
43134401
43143434
43149601
43151218
43161876
43188324
43191591
43193894
43201107
43211472
43213054
43217226
43227526
43256595
43259516
43261989
43264837
43277553
43277696
43298020
43302763
43314586
43324000
43327452
43342445
43350533
43353648
43356943
43358563
43372182
43387524
43393576
43398434
43400995
43412330
43415015
43425754
43434247
43434435
43435926
43436463
43437867
43441229
43509549
43514179
43517250
43533651
43540401
43552063
43595907
43598599
43613970
43623834
43632438
43634539
43638446
43644922
43649887
43650788
43659008
43663316
43665076
43680422
43694622
43694858
43707496
43723879
43737757
43752066
43760416
43772788
43783293
43792930
43804799
43805818
43807928
43809588
43813007
43839057
43851191
43851417
43861474
43867297
43872884
43891216
43891929
43892785
43911975
43931880
43952547
43957691
43964065
43980991
43996734
43999962
44000742
44016613
44050205
44074131
44079038
44100027
44103016
44127702
44133821
44134686
44165667
44165966
44175847
44178453
44180732
44189968
44202298
44204537
44209025
44223509
44231781
44268383
44283187
44302731
44310750
44333104
44333635
44349076
44370913
44372604
44374782
44375648
44395950
44398121
44409977
44410379
44413792
44415403
44423244
44426375
44433869
44435590
44454130
44462386
44464494
44471505
44479482
44517531
44522214
44524676
44527240
44557816
44557839
44563244
44575360
44578151
44582575
44596392
44599797
44613978
44614494
44617362
44627808
44635166
44640481
44653281
44669261
44682663
44693737
44694480
44716701
44722912
44736553
44738845
44740174
44740679
44743067
44746961
44754606
44755773
44758709
44767137
44787540
44799054
44810296
44813388
44826897
44828348
44831565
44835388
44844275
44846473
44853613
44866994
44876748
44879076
44891464
44896250
44901313
44913661
44926388
44929861
44940453
44974908
44983752
44999516
45023568
45043814
45058394
45080815
45112296
45131435
45147857
45164248
45168080
45170872
45179147
45196144
45205928
45211053
45214744
45227302
45232955
45270882
45282214
45304230
45308468
45312185
45318166
45329729
45332902
45334214
45368247
45370152
45371252
45379963
45381670
45392306
45399434
45400312
45420497
45420971
45427364
45429579
45459761
45464742
45472206
45474634
45484972
45487641
45491613
45513014
45523256
45532612
45534922
45546049
45546588
45565462
45573291
45573895
45576925
45583250
45586771
45595296
45598354
45602511
45607162
45624947
45667354
45682822
45707866
45747102
45753335
45754253
45759096
45776083
45781424
45792798
45795031
45802221
45806881
45809217
45821883
45842060
45849836
45850815
45855176
45860850
45871814
45871988
45901864
45913983
45920350
45949584
45950379
45962502
45973573
45982413
46011160
46031367
46058078
46096885
46110798
46136452
46149745
46176002
46178355
46190965
46194369
46197119
46214999
46233654
46248834
46249960
46278127
46284088
46303241
46303270
46336299
46337740
46355169
46360631
46366745
46370590
46372120
46378733
46396845
46399760
46408079
46413533
46418275
46436420
46469851
46479388
46500581
46513384
46525362
46526158
46526815
46547717
46552833
46552997
46562588
46564027
46571990
46576476
46581859
46602674
46606139
46608932
46617800
46622910
46634311
46644123
46645494
46646657
46656394
46657054
46667452
46679502
46684189
46709946
46738992
46750293
46758644
46758656
46763252
46779088
46784290
46792761
46813280
46813763
46833485
46839228
46847009
46851279
46859346
46865407
46873604
46878654
46900024
46906013
46911168
46924800
46929967
46931574
46932666
46950251
46950578
46953408
46966291
46980570
46987304
47007075
47007231
47008850
47014929
47031644
47058421
47070482
47094455
47096271
47124990
47131849
47149730
47152982
47165136
47181090
47191797
47212826
47216063
47222185
47246391
47247299
47249716
47255605
47258073
47259002
47278126
47308775
47328527
47362401
47372059
47390946
47394565
47395081
47401407
47401422
47431120
47431700
47434259
47445090
47458109
47466563
47470356
47474617
47478997
47490986
47498753
47499379
47504244
47534560
47542889
47558862
47569871
47576349
47585028
47592842
47603316
47605031
47613965
47618891
47621917
47649441
47657089
47667366
47670995
47671394
47671856
47676073
47679832
47693430
47697353
47703505
47713056
47713266
47716538
47724377
47745213
47748914
47758226
47759314
47762188
47782620
47787825
47789401
47791243
47827267
47828202
47837798
47844614
47846239
47875748
47879486
47882256
47891062
47900550
47906490
47907655
47916326
47930509
47936603
47954523
47968002
47970138
47973627
47978304
47991374
48001132
48004236
48007092
48015580
48017952
48020211
48036694
48045048
48055319
48057808
48077316
48082624
48102048
48102499
48104159
48126262
48128410
48131122
48165603
48167451
48170747
48180177
48199178
48203977
48217103
48221326
48226272
48228821
48233001
48248990
48270003
48272600
48281341
48295984
48296466
48303955
48319388
48325688
48325701
48326277
48334960
48349621
48364092
48368499
48370058
48380310
48381500
48393292
48417300
48419280
48420658
48435596
48443365
48448309
48506392
48507502
48519230
48524487
48537123
48550681
48553931
48557396
48558943
48566996
48575193
48578546
48585954
48593964
48602461
48608520
48609189
48621348
48642375
48646611
48648011
48650652
48674159
48687878
48688992
48690204
48690899
48702051
48706283
48712912
48720053
48720985
48723001
48726756
48736343
48753863
48761307
48764320
48766320
48770131
48788957
48789321
48794999
48803939
48810532
48839623
48842179
48842525
48861448
48890888
48897311
48898029
48898195
48898484
48904083
48916277
48929673
48932085
48934137
48942734
48967272
48982041
48988152
49008817
49018077
49023530
49026075
49026153
49041709
49050466
49054386
49075735
49082363
49082856
49086659
49088959
49100847
49114875
49115575
49141578
49145186
49152683
49154833
49157084
49159335
49167988
49168522
49203843
49209701
49213357
49213645
49214106
49219058
49229879
49249104
49266694
49268751
49281458
49283349
49296267
49302780
49306547
49309734
49312083
49333890
49340252
49344464
49351652
49355766
49357834
49359128
49375890
49392210
49393133
49401652
49403657
49418177
49436344
49449289
49450808
49458578
49474169
49475325
49487993
49515323
49534164
49547108
49548351
49555309
49559550
49581074
49582161
49595328
49605916
49606930
49616932
49657341
49661502
49680822
49686179
49700602
49721907
49723005
49728589
49765509
49766131
49781242
49781695
49794829
49803418
49818725
49834331
49845346
49848403
49848499
49852625
49865553
49865680
49873347
49878434
49895071
49903709
49905529
49908246
49921106
49928067
49937784
49938694
49942295
49945696
49962357
49969316
49976499
49984942
49985551
49996464
49996740
50023881
50031732
50034618
50040440
50054487
50058568
50105597
50120951
50135299
50138324
50140482
50140686
50140704
50154158
50182813
50200746
50205813
50212517
50224705
50240889
50260918
50271068
50274966
50292262
50299597
50301564
50307874
50313436
50324442
50342018
50345555
50347215
50347979
50349496
50352790
50354442
50355165
50367402
50390666
50408752
50421656
50423897
50449695
50456021
50464671
50466932
50487005
50507732
50515334
50523436
50528535
50532850
50533992
50538664
50543090
50548802
50550310
50558507
50561670
50568581
50573769
50589000
50590408
50610111
50611740
50615746
50623605
50624539
50630093
50631366
50635772
50647268
50649271
50655587
50655949
50656930
50661328
50689494
50695533
50710892
50724365
50738354
50744626
50752139
50762399
50773493
50791961
50808273
50810264
50835351
50849827
50850290
50864848
50880897
50881315
50901453
50913630
50919558
50946282
50957206
50969513
50978116
50987752
50993106
51000728
51001486
51002980
51004058
51020907
51022143
51024384
51024641
51029161
51029237
51032741
51035044
51056796
51060176
51064878
51099518
51111427
51113475
51114734
51115823
51125690
51141618
51148304
51156222
51163895
51171149
51173848
51187300
51188830
51189779
51210767
51221639
51224548
51227082
51244170
51248523
51251461
51252611
51259390
51280429
51281637
51289464
51290154
51292459
51297541
51306763
51334159
51338321
51343973
51348305
51353705
51383860
51385028
51398783
51400778
51404408
51430435
51431069
51438493
51441517
51442522
51462773
51484904
51488322
51504944
51504994
51505666
51510782
51513946
51514805
51521840
51525286
51525548
51532331
51532981
51533213
51533621
51535050
51538751
51539099
51541256
51550870
51570121
51574564
51575934
51589196
51595139
51598858
51601806
51601808
51604060
51617029
51629999
51639454
51645962
51678408
51693155
51696090
51712812
51724410
51742558
51743227
51749065
51759099
51762819
51767835
51784465
51788302
51821594
51829632
51838059
51843974
51850502
51855018
51856579
51857283
51897889
51903696
51911578
51926060
51937230
51953316
51965309
51969614
51974966
51975255
51984829
52006961
52008358
52009155
52014457
52016123
52022663
52023193
52024790
52031680
52031753
52031985
52039294
52042195
52044709
52045540
52070042
52087384
52091631
52101910
52102809
52105592
52113817
52117012
52120759
52132574
52138801
52147832
52169025
52190939
52194305
52214502
52227133
52248577
52268185
52289073
52290478
52301466
52314337
52316944
52317009
52324272
52329853
52332454
52335185
52352883
52352975
52356986
52370466
52375395
52385376
52430200
52435034
52459490
52472417
52497205
52498462
52503056
52503925
52513285
52514172
52532050
52535133
52542262
52571805
52576498
52579409
52579566
52590853
52606949
52610347
52612514
52658968
52662817
52667884
52686675
52689100
52714642
52717647
52733687
52742419
52744244
52752320
52752702
52755712
52757598
52764334
52767371
52784744
52800160
52802783
52811197
52811395
52813337
52821181
52824839
52831662
52836537
52836896
52854442
52870831
52876630
52879632
52882680
52892866
52912472
52918536
52944990
52946218
52949792
52951289
52967523
52979431
52992453
52999582
53001430
53009360
53053777
53056429
53071825
53077855
53102562
53110806
53126557
53138786
53165906
53172060
53187387
53188878
53197249
53220664
53231192
53231736
53231763
53235238
53250985
53253397
53267275
53275894
53281096
53283550
53292174
53295791
53306577
53320180
53322922
53323099
53334025
53335123
53338010
53338791
53345961
53351439
53354079
53368006
53375764
53378261
53408116
53429260
53430493
53430524
53449091
53470920
53473585
53497635
53500539
53521826
53536099
53538367
53541170
53543745
53544352
53547202
53548047
53553028
53554789
53560768
53562514
53565866
53567973
53572091
53591916
53594062
53604717
53605956
53619903
53627796
53640762
53642751
53652761
53663508
53684618
53689160
53703619
53719105
53724626
53731364
53733997
53742349
53749673
53759938
53789366
53802040
53808082
53808517
53811681
53815940
53823213
53828081
53829058
53849577
53861382
53868014
53876877
53907798
53912850
53920533
53923310
53959007
53961591
53963559
53964891
53966831
53969695
53977590
53981374
53982349
53985546
53988425
53998199
54041027
54050054
54074334
54100523
54109381
54125893
54130943
54136454
54140312
54147790
54183362
54183876
54185858
54196452
54223545
54228956
54237586
54241687
54254329
54262227
54293161
54302188
54304190
54311099
54332660
54354167
54366355
54370876
54379525
54385929
54420428
54423214
54433889
54434158
54435944
54448980
54453037
54468731
54484895
54486878
54501894
54505161
54506281
54514458
54517567
54524005
54524443
54536870
54552390
54554913
54558066
54584682
54592184
54595919
54609294
54610597
54621298
54625788
54628728
54630042
54630214
54646664
54651180
54654985
54656370
54665985
54667457
54675086
54687621
54691173
54693698
54700371
54725470
54733066
54734458
54738767
54750545
54757812
54762300
54764288
54767201
54767849
54771987
54776467
54779943
54793667
54798630
54811699
54826134
54832629
54835869
54836134
54836268
54836529
54839731
54858733
54866685
54885077
54885179
54890270
54891191
54912733
54913218
54924241
54931660
54937785
54941824
54944393
54947834
54950227
54965416
54980609
54983482
54993782
54994764
55009860
55011645
55015329
55019782
55028633
55029877
55032356
55034401
55038963
55045329
55046438
55049418
55055028
55062537
55067647
55075639
55078690
55078906
55088030
55094712
55105222
55116351
55118285
55123839
55129831
55130006
55137327
55138753
55140303
55151015
55174167
55175475
55185230
55207817
55208282
55208991
55217981
55222139
55227109
55242789
55257366
55265223
55265417
55277323
55283877
55284892
55285046
55286206
55293611
55312936
55322241
55322635
55333331
55338254
55344484
55355308
55361512
55363214
55376449
55377334
55377539
55379074
55380491
55382590
55388903
55391752
55399951
55407187
55430809
55431336
55443490
55448195
55449569
55453468
55457619
55493698
55508843
55509986
55520055
55524244
55541226
55547947
55570536
55571592
55591318
55597801
55602655
55615956
55620299
55654205
55665219
55691468
55692389
55694886
55696938
55697365
55701350
55702432
55704620
55707707
55715896
55728089
55750060
55753850
55759325
55768672
55774075
55796227
55802883
55814546
55822705
55828343
55835722
55854213
55859877
55867266
55878045
55910967
55911183
55912889
55926296
55939228
55940067
55940582
55956772
55965535
55971389
55971984
55980011
55986285
55987580
55990545
55998451
56008445
56013835
56022772
56023853
56050726
56066168
56074290
56075692
56086321
56088611
56099996
56101885
56114371
56117959
56117996
56135372
56162320
56168257
56168408
56168738
56170404
56180505
56189802
56190633
56203726
56211561
56215354
56216003
56223985
56227165
56234747
56235005
56266175
56282752
56291053
56295676
56303403
56317382
56318246
56322540
56332252
56336883
56340153
56353971
56374533
56388147
56402646
56405991
56409405
56431943
56435782
56442130
56490387
56495398
56499538
56516161
56533989
56539963
56543125
56546869
56552638
56587040
56592131
56594799
56596549
56602066
56606094
56610730
56625038
56631571
56635561
56644266
56651333
56652284
56655517
56659645
56668678
56679402
56680349
56682997
56685351
56698987
56716658
56723726
56785604
56788092
56800707
56802878
56822418
56840866
56848107
56862517
56866535
56868341
56873181
56877749
56880155
56893774
56898023
56900316
56918194
56945622
56957330
56963115
56977493
56978938
56983352
57017881
57045023
57049449
57055648
57069585
57076112
57087640
57088847
57103775
57109243
57123664
57125933
57152785
57184646
57214028
57229123
57244190
57253700
57256720
57260107
57270377
57270616
57271835
57277050
57279312
57281476
57283184
57289130
57304481
57312066
57337636
57338154
57338350
57338872
57360685
57369350
57372477
57392564
57393106
57409434
57411772
57414926
57417601
57418693
57425240
57441539
57444653
57445215
57460871
57469615
57488695
57490739
57491030
57492297
57500392
57521185
57532514
57536378
57546323
57547752
57568422
57572773
57588224
57614919
57630867
57639820
57649387
57660636
57665158
57687585
57696694
57699771
57704205
57705408
57706764
57708400
57726870
57731991
57735704
57751511
57754882
57772962
57779287
57800877
57813846
57814191
57816305
57821085
57838793
57840754
57853279
57865896
57880382
57885839
57886694
57901839
57904387
57914385
57950197
57953382
57959433
57961552
57985486
57985925
57986191
57998770
58003769
58028688
58030909
58032828
58042918
58047169
58051537
58055126
58067462
58077977
58081277
58099080
58107217
58116138
58120085
58129139
58132317
58142413
58155784
58187992
58192884
58193308
58211326
58215348
58216553
58220032
58240477
58252912
58254379
58255986
58274557
58278271
58288268
58307926
58311274
58312013
58313352
58314029
58323990
58324557
58341384
58341684
58342010
58349904
58370550
58379142
58382833
58386295
58410888
58411086
58426749
58442786
58444614
58450523
58460361
58464065
58465154
58470962
58474817
58479369
58486959
58493977
58495675
58502996
58503161
58513420
58537540
58578092
58608652
58612395
58616895
58640702
58659410
58660600
58662025
58671629
58677256
58728327
58755300
58762967
58763561
58774744
58781488
58802149
58804383
58804729
58838598
58857555
58857923
58861086
58863472
58870237
58870624
58883320
58895454
58913090
58913952
58917563
58927963
58929804
58931588
58936078
58966953
58977167
58991751
59000029
59002836
59028438
59048197
59049162
59053108
59059025
59059819
59083037
59089805
59099402
59114410
59115289
59115846
59131506
59132016
59145949
59153449
59154450
59157570
59165247
59179387
59207127
59208351
59211041
59220674
59220914
59223649
59230204
59232588
59242094
59248136
59251903
59254219
59276208
59279007
59289923
59295936
59296664
59299500
59316788
59318811
59318821
59335172
59337303
59340486
59347029
59355036
59356940
59361936
59375987
59390586
59391851
59423288
59423821
59425378
59440134
59440705
59447238
59451706
59477850
59478052
59499392
59501168
59533312
59550820
59554527
59564429
59573802
59579606
59600758
59611095
59612364
59614521
59618347
59622453
59625336
59626476
59631875
59649402
59653966
59691336
59694169
59714633
59718155
59730932
59744642
59772144
59773748
59775313
59781893
59785674
59795740
59796185
59801202
59803904
59809150
59812291
59822217
59825888
59839150
59849144
59865527
59871243
59904157
59912700
59921063
59923254
59947148
59953667
59988959
59999884
60006999
60027853
60028198
60030539
60032872
60034530
60036794
60044785
60049696
60056309
60061182
60064407
60075393
60079269
60087189
60098897
60107978
60111972
60118502
60120658
60145884
60156064
60159985
60165913
60170350
60183633
60184539
60196328
60237489
60266090
60281358
60286547
60314720
60321977
60348650
60348830
60356840
60358962
60362261
60365623
60384220
60384861
60388345
60390142
60404917
60413591
60426693
60427959
60433467
60436497
60451207
60452828
60454326
60471059
60488957
60494778
60519614
60521172
60544875
60563695
60569009
60596384
60602788
60635000
60637057
60637879
60640995
60651137
60654234
60663627
60681079
60691506
60706283
60713204
60717650
60729010
60747129
60749291
60749398
60758764
60775574
60794901
60796183
60804101
60846730
60847426
60854940
60861349
60893323
60893825
60896782
60904053
60920370
60925538
60932478
60939584
60939964
60943891
60944927
60945034
60962385
60962596
60970037
60994239
61003782
61005086
61009891
61011701
61018807
61019227
61020440
61059003
61104678
61125843
61126559
61142850
61143502
61148681
61169453
61182138
61200353
61212480
61222996
61223090
61251165
61271740
61275380
61284386
61286995
61295771
61298097
61299625
61322069
61322852
61325646
61326828
61335640
61357022
61367487
61377790
61389355
61389462
61401731
61416391
61420042
61422742
61427042
61430214
61445491
61447422
61457009
61459266
61462603
61465673
61467358
61474071
61482113
61484494
61495095
61496986
61507341
61519204
61520803
61528552
61539330
61540662
61545376
61547299
61558127
61562192
61565211
61567386
61586349
61588649
61590690
61603176
61607098
61612826
61616231
61640553
61643189
61654061
61656958
61657601
61680576
61680667
61686251
61687102
61691450
61692489
61695871
61699501
61705149
61712625
61719453
61730607
61750214
61785115
61785177
61791581
61798125
61799948
61807532
61808372
61825634
61833474
61834616
61840335
61842760
61846485
61869790
61872505
61874894
61904464
61904758
61909298
61910046
61919447
61934080
61937745
61940341
61951416
61974470
61975028
61990174
62003749
62013628
62039057
62040153
62040331
62047190
62047460
62052653
62067591
62082092
62090433
62094616
62094893
62099792
62102385
62108115
62112738
62115600
62118112
62125338
62134308
62184820
62197905
62222849
62224397
62251029
62252706
62255925
62264601
62273911
62274538
62303592
62321285
62324968
62331062
62335819
62338805
62340239
62348740
62349332
62354782
62358154
62367390
62398127
62398210
62398809
62407767
62411640
62414591
62422253
62437190
62445840
62458257
62466460
62468652
62468874
62469812
62473645
62478639
62486451
62488918
62489250
62501670
62504710
62511804
62512309
62537428
62540694
62547128
62555214
62556563
62560654
62563420
62566696
62578346
62581614
62583593
62599088
62612176
62653637
62654397
62660036
62661677
62671254
62676253
62689429
62692519
62696835
62700261
62704728
62709385
62715272
62718943
62740716
62741258
62744678
62753778
62756807
62766024
62775176
62778634
62788689
62792403
62800500
62801877
62826821
62836944
62840302
62851344
62862508
62869655
62871039
62871886
62912254
62914809
62920664
62943869
62958560
62968490
62971553
63010445
63014210
63017754
63035448
63058076
63076320
63094158
63095025
63095309
63099090
63106184
63126874
63130924
63152452
63155813
63184141
63187111
63188673
63197116
63203521
63213065
63222726
63252730
63254447
63258476
63266301
63268983
63298158
63330221
63332676
63348618
63348770
63350626
63360747
63378661
63388079
63408516
63408990
63409772
63410720
63420889
63427827
63435541
63471409
63472730
63474270
63496120
63504181
63505649
63508967
63510432
63517128
63538909
63548208
63568458
63570538
63574025
63575861
63577630
63586059
63603575
63611361
63615722
63620431
63624864
63635704
63639673
63645563
63650931
63693426
63696164
63696267
63702056
63703515
63707066
63714596
63716936
63717106
63720992
63724103
63736139
63739557
63740836
63741117
63754924
63756482
63760982
63761443
63765399
63769568
63780693
63781822
63784171
63786630
63789225
63795305
63796290
63802797
63803901
63843849
63860552
63862682
63873078
63876003
63878396
63882415
63885768
63888569
63889248
63889532
63899440
63901354
63903612
63915596
63927365
63927616
63927945
63974405
63977687
63981034
63983240
63995733
63997890
63999620
64017968
64024600
64026191
64031847
64037112
64037569
64040947
64067835
64076421
64098822
64102971
64104566
64115065
64115429
64120654
64124359
64128544
64138323
64142011
64182909
64188715
64190798
64192941
64196272
64214163
64223417
64226205
64232212
64239872
64241319
64241659
64247154
64258632
64268718
64271292
64276112
64276629
64301369
64311748
64314113
64328946
64329670
64342824
64344066
64352041
64353476
64362099
64362683
64381750
64391639
64418311
64425881
64434815
64447651
64458031
64460394
64469928
64487982
64503144
64508047
64517656
64527855
64538275
64552490
64560544
64567253
64576828
64591122
64591142
64591430
64599799
64611621
64617415
64629104
64631327
64633599
64642498
64656572
64657997
64667429
64672153
64674323
64675166
64678290
64684307
64685354
64710007
64723409
64725574
64733096
64745157
64765523
64779453
64807053
64809110
64815908
64816091
64833487
64842153
64850811
64869167
64884390
64891608
64892800
64908718
64921968
64924618
64938873
64948829
64960934
64968449
64969752
64980310
65008804
65030029
65038939
65043697
65057019
65063630
65066513
65076428
65078934
65099997
65111399
65112516
65115049
65134984
65135186
65135472
65140241
65153565
65164707
65177150
65183346
65184868
65212499
65251328
65253752
65277974
65282303
65291865
65299215
65299526
65311691
65313855
65318937
65336218
65357544
65370615
65376953
65378554
65381964
65387376
65411460
65415185
65425743
65434732
65444915
65449608
65452252
65470035
65471361
65480911
65481181
65482902
65489198
65490159
65497324
65509220
65510269
65512131
65539646
65539826
65547394
65550460
65563019
65572138
65575948
65597567
65609827
65617099
65625694
65632906
65646922
65652673
65654891
65655417
65661661
65669194
65669525
65676594
65679316
65683059
65683696
65685298
65687704
65691059
65695144
65704823
65708004
65727918
65743404
65748663
65750020
65753259
65761638
65767216
65781385
65782741
65782903
65785006
65788558
65808324
65815205
65826381
65846477
65871747
65875680
65888704
65901497
65916408
65944546
65954651
65960681
65961218
65971500
65978728
65981102
65988067
65989562
65995683
66003161
66017437
66018998
66019684
66020237
66026674
66027873
66034580
66058138
66084374
66099897
66101059
66117587
66118589
66122881
66144043
66147492
66174354
66206936
66217461
66226609
66239910
66241313
66247744
66248752
66252252
66259809
66283897
66301067
66307797
66346075
66368476
66377887
66386103
66397361
66409223
66420630
66433888
66446188
66476243
66489069
66489144
66502646
66517278
66533993
66545751
66555230
66557577
66560139
66576339
66607098
66636931
66645106
66647061
66647585
66648201
66650891
66656969
66662882
66690135
66690709
66695857
66712735
66717478
66722077
66746393
66763913
66765860
66770801
66772646
66783124
66795031
66801268
66802595
66805245
66807495
66811607
66816559
66833940
66836081
66857548
66873125
66877505
66880816
66892997
66899336
66923955
66944103
66948576
66953595
66963530
66963982
66968983
66972859
66985962
66999102
67012320
67019387
67024157
67024772
67032184
67033792
67072180
67081978
67100925
67109557
67131555
67136102
67139721
67141898
67165898
67193679
67197557
67221411
67239919
67240775
67244060
67267380
67277749
67282003
67324935
67342806
67345055
67346049
67349696
67349731
67349742
67351759
67358970
67384535
67405295
67410063
67437370
67438359
67439605
67449148
67456520
67483088
67485004
67501064
67504650
67509718
67520697
67535564
67551136
67577615
67580287
67588600
67588687
67591994
67651648
67653980
67670032
67677775
67684273
67686862
67689721
67689868
67693096
67709717
67710606
67725760
67731467
67754766
67756447
67762001
67763604
67775824
67777956
67778233
67780541
67788774
67806510
67815225
67816355
67844428
67863581
67886490
67889853
67893565
67898646
67918340
67927960
67928370
67955913
67969971
67984225
67988023
67996357
68003958
68010559
68036096
68059823
68064491
68066401
68079509
68092575
68126048
68132003
68136834
68143509
68168553
68186399
68206050
68215319
68220804
68234227
68234301
68238860
68243695
68254506
68264591
68271159
68272460
68275640
68293229
68298525
68298790
68306500
68314616
68316075
68322327
68322674
68328071
68331528
68341522
68347409
68352972
68364992
68365702
68377524
68378596
68383149
68387900
68389347
68401940
68402274
68406866
68407502
68416997
68423753
68429757
68443146
68456793
68457799
68462285
68469845
68480308
68482241
68485752
68489764
68495564
68496224
68506585
68507135
68509563
68510707
68511935
68523123
68546765
68576960
68582068
68588999
68602922
68625504
68644099
68648059
68668054
68670290
68684876
68692114
68695384
68701218
68716480
68728422
68730801
68735963
68738451
68742927
68744477
68755081
68756793
68761911
68763068
68773629
68803323
68808381
68811770
68814659
68816074
68836554
68847900
68855141
68866969
68881907
68882344
68894909
68899741
68908739
68925770
68947136
68951674
68959481
68965034
68965979
68966201
68989090
69004850
69009923
69028392
69046649
69051581
69054038
69065423
69073744
69082672
69095315
69098639
69107621
69115635
69118285
69122676
69143929
69147556
69149751
69155925
69155964
69159942
69165673
69165889
69167747
69173743
69180557
69200561
69216017
69217714
69219959
69234431
69238581
69241845
69244557
69262242
69277134
69279964
69285705
69293916
69319481
69329369
69331599
69334287
69343191
69343758
69355667
69362386
69367830
69369489
69372963
69378937
69382964
69403171
69405178
69428962
69438984
69445337
69472869
69474469
69477165
69479662
69480386
69482960
69495730
69505935
69518021
69522757
69529996
69538534
69539765
69552145
69564088
69575851
69583318
69594993
69596275
69597882
69611892
69621535
69625857
69634862
69643603
69646253
69651074
69654808
69656270
69656606
69665923
69669358
69679523
69680419
69694243
69706932
69723217
69723756
69731435
69732565
69763997
69765302
69771290
69772416
69791440
69801017
69817143
69820395
69822898
69829074
69839892
69870416
69871592
69901397
69905629
69906763
69916678
69946084
69952333
69952927
69958995
69962867
69969943
69986162
70002172
70004091
70013293
70015493
70018415
70019398
70024601
70027757
70031159
70032763
70037786
70039760
70070776
70093321
70094723
70099666
70104132
70124224
70133445
70162313
70163968
70169388
70169639
70185461
70195960
70198794
70199411
70208049
70209495
70212604
70217934
70222162
70225536
70238286
70250836
70256601
70258541
70259153
70262140
70269478
70273334
70274169
70282681
70304669
70316253
70330482
70333978
70340512
70359464
70359820
70377229
70383702
70385409
70389075
70394410
70397919
70437158
70438117
70441635
70441956
70456774
70458929
70459997
70469128
70478027
70488924
70508764
70514790
70525344
70545057
70559988
70561263
70580480
70585113
70600908
70602540
70609250
70612674
70624992
70625897
70633426
70651671
70652758
70665541
70674167
70681481
70691377
70697995
70706396
70710793
70723458
70736147
70748160
70764556
70776457
70776632
70780317
70791286
70793272
70803468
70811027
70811044
70813179
70815609
70831631
70836870
70872284
70875027
70876031
70877912
70880308
70926386
70927166
70950945
70953154
70962375
70974742
70975158
70979156
70980722
70983264
70989172
70990448
71009311
71012060
71013120
71015196
71020283
71055719
71079060
71093369
71094597
71100662
71115262
71125734
71125950
71142453
71153632
71155571
71167678
71180573
71222421
71224811
71242525
71259124
71288724
71316358
71320605
71325696
71340974
71360963
71386248
71387175
71387492
71405244
71409179
71416872
71421427
71424891
71426982
71434321
71434755
71450568
71452991
71453734
71461699
71462666
71468762
71477008
71481739
71485390
71495648
71504254
71504407
71508239
71509075
71516514
71542392
71551770
71562864
71569301
71585713
71598678
71599280
71607351
71618616
71630173
71631846
71638427
71638513
71679094
71683354
71697585
71699324
71709469
71715626
71717968
71721849
71726261
71745979
71761627
71766639
71792466
71809560
71809976
71811804
71815131
71817176
71821863
71824057
71855276
71863747
71893066
71912422
71913894
71917416
71920476
71925899
71926320
71935687
71944038
71949325
71957638
71971326
71973764
71976574
71980739
71985753
71986583
71989598
71991297
71993732
71996671
72024342
72042644
72048879
72082269
72083891
72107595
72110255
72111448
72115149
72125889
72131159
72134673
72146644
72147433
72152296
72158754
72161898
72178233
72183218
72188514
72189518
72189938
72193406
72204830
72209169
72223463
72240789
72250544
72250857
72254787
72275816
72278174
72293009
72305713
72307103
72316325
72337721
72341456
72345633
72363606
72364445
72366367
72377052
72390015
72392038
72412239
72432028
72458947
72465329
72465970
72471518
72472893
72491985
72494319
72497216
72505279
72508015
72509675
72535799
72536173
72537644
72544069
72581123
72581922
72600163
72601913
72603652
72616732
72627879
72644412
72655064
72672772
72674783
72702495
72716149
72719487
72726800
72728748
72731641
72776049
72787125
72790346
72793518
72821528
72822592
72831516
72831876
72840452
72844693
72877149
72888272
72890576
72911651
72921127
72928871
72934993
72936624
72937276
72940437
72942172
72944281
72944354
72945199
72946806
72947538
72957792
72961272
72967176
72973716
72986969
73015807
73020249
73022429
73040035
73066755
73096095
73097478
73111040
73128961
73151263
73155818
73174218
73187780
73197942
73200402
73205418
73208329
73215039
73221194
73253089
73255398
73263674
73269538
73280288
73280437
73283431
73285660
73287076
73303357
73303549
73316492
73343698
73345097
73354202
73376236
73397151
73410844
73427998
73432609
73439803
73446510
73462553
73482355
73501016
73502808
73505044
73532271
73540802
73564146
73580385
73594247
73600886
73621592
73624202
73626425
73647362
73659979
73667717
73697735
73698073
73699681
73714114
73719572
73729107
73730653
73733214
73744970
73755873
73767296
73775075
73779826
73791256
73827323
73831578
73836100
73840209
73840230
73840271
73844642
73846051
73856504
73858277
73866418
73866823
73868768
73876456
73890824
73895140
73906881
73912468
73915643
73918457
73937254
73937558
73942013
73951433
73963876
73977797
73989155
73991713
74013079
74024250
74024532
74032410
74057308
74058490
74063269
74063818
74076468
74077715
74082759
74085596
74091377
74099443
74101104
74111880
74111891
74113409
74128454
74144584
74155286
74156235
74165899
74180322
74180503
74189422
74194166
74195487
74197834
74201483
74204746
74209214
74218456
74223049
74223633
74234890
74256643
74260892
74266834
74271360
74273144
74275008
74276009
74277684
74278029
74289313
74293065
74295627
74311741
74311846
74317545
74338353
74339056
74339214
74346632
74355115
74358266
74358367
74358548
74365219
74367022
74372621
74374573
74381699
74384235
74390841
74399230
74401390
74403876
74404428
74426380
74443031
74445701
74457644
74478887
74491724
74516642
74517267
74523623
74529572
74530958
74532978
74541643
74565193
74568513
74571373
74586291
74608325
74615472
74621378
74624711
74631336
74639780
74647906
74650351
74656980
74662791
74666755
74667020
74668438
74678975
74695215
74707255
74710090
74714321
74717196
74719330
74732911
74734357
74736171
74738101
74743955
74752494
74758572
74761755
74765253
74768177
74769229
74770171
74803338
74821420
74827766
74831786
74831968
74836498
74839891
74855254
74858523
74858914
74864344
74882520
74897597
74928710
74933512
74949691
74953002
74953394
74956703
74970112
74985612
74991905
74999695
75010760
75012953
75013361
75020491
75024876
75034955
75036564
75037332
75045176
75053798
75059615
75065062
75065551
75080565
75098863
75121809
75129565
75134745
75137863
75138627
75152138
75182339
75182422
75193368
75245746
75258365
75297411
75300591
75302400
75307182
75314417
75331605
75331936
75338586
75344130
75345128
75412455
75432847
75435113
75439265
75443238
75453581
75455166
75464434
75478803
75484448
75509082
75533569
75539306
75540539
75542189
75544863
75545961
75557807
75568186
75571379
75599238
75613896
75627387
75627401
75629196
75648393
75654609
75663239
75666590
75669224
75670380
75671281
75674600
75679254
75685742
75688512
75692601
75697650
75721761
75722913
75723258
75732916
75738066
75738512
75752144
75757828
75777999
75794248
75803846
75828859
75843023
75843086
75853430
75862511
75869415
75878904
75888458
75890270
75908202
75908445
75911079
75914825
75916390
75918359
75932799
75936197
75951945
75954610
75958506
75966416
75966593
75976403
75976887
75996976
75998936
76002513
76003983
76027131
76029512
76033201
76037991
76045260
76052565
76054417
76063691
76078711
76085349
76088927
76110287
76123891
76130821
76190764
76196483
76221900
76234460
76242613
76243228
76251563
76252139
76255735
76262457
76280818
76301862
76305626
76306248
76318471
76322801
76363068
76367530
76372020
76375174
76388638
76405938
76415104
76425236
76426208
76433987
76439324
76441369
76448814
76450457
76453586
76453752
76458931
76459614
76469722
76473998
76475382
76498176
76498356
76500036
76510202
76510689
76536168
76538258
76539749
76543774
76549010
76555192
76556913
76600884
76612160
76614215
76626658
76627810
76643785
76654732
76659609
76660222
76668245
76668512
76678830
76682820
76684337
76686313
76691285
76696796
76696870
76702006
76722233
76730116
76730901
76731338
76750194
76753427
76757781
76760137
76760801
76765497
76766427
76776580
76792028
76795781
76814453
76830590
76836304
76854012
76855679
76859342
76872791
76896741
76901792
76905617
76938766
76951111
76951405
76966055
76972664
77007571
77022261
77032076
77034281
77035156
77037993
77046057
77053599
77059197
77060643
77071314
77116728
77127401
77138182
77146678
77147452
77152109
77155088
77178039
77189750
77198013
77200189
77213333
77219104
77239366
77241519
77254027
77267368
77274726
77283205
77292194
77298291
77302501
77303808
77332076
77332892
77337367
77365531
77367478
77370035
77381202
77389380
77406477
77408418
77412788
77414738
77421115
77426937
77435402
77449689
77458047
77462359
77477498
77478658
77483133
77541262
77543082
77564524
77584151
77584749
77588366
77590750
77601456
77604692
77606392
77621136
77623608
77625933
77626150
77648047
77654283
77662288
77666406
77674498
77690643
77706418
77721484
77754681
77758040
77795937
77799900
77809540
77821399
77855409
77855724
77858212
77865370
77875005
77888241
77897243
77906787
77907983
77910386
77930154
77940033
77946641
77966326
77972796
77981734
77984093
77998303
78001257
78004672
78007169
78008748
78019475
78025659
78026549
78035067
78043586
78061343
78063393
78064699
78071033
78086166
78089315
78103725
78113110
78114417
78116486
78127484
78140234
78148354
78148884
78161407
78192923
78201180
78204724
78207105
78211989
78212362
78218941
78246361
78272158
78282281
78283662
78285626
78286708
78291705
78304350
78306860
78317708
78321185
78327107
78334685
78351969
78365051
78382121
78416298
78442212
78444014
78460568
78474517
78483570
78483990
78486219
78502564
78505374
78508552
78512929
78515635
78551217
78557393
78570732
78582817
78585202
78590998
78593484
78597158
78605533
78620906
78628293
78631235
78631632
78633087
78637077
78643550
78652816
78696796
78697767
78702799
78730407
78751741
78769941
78776496
78780783
78815057
78832264
78850239
78864503
78868870
78871423
78877307
78898121
78906519
78925987
78927468
78944178
78968745
78976874
78991980
78994312
79000882
79006336
79006939
79018271
79026666
79045203
79052297
79056366
79070520
79083568
79086501
79092563
79094890
79136689
79178678
79214648
79244600
79287417
79290055
79299125
79311590
79322702
79334203
79346235
79348718
79350874
79355370
79358046
79379407
79383080
79386241
79387295
79403818
79407996
79433097
79440995
79442347
79442664
79442771
79451782
79453074
79457332
79461418
79464647
79475332
79489912
79497017
79515327
79526443
79533442
79536102
79541807
79549503
79571025
79578648
79582818
79585845
79585946
79597196
79598742
79603975
79608241
79611705
79612397
79618393
79633730
79635758
79639293
79640531
79643701
79650420
79651201
79670093
79686339
79703806
79744468
79748123
79754420
79766381
79787242
79795633
79799341
79799799
79801450
79816638
79830636
79838910
79855743
79856240
79857741
79866460
79876436
79884173
79888832
79894602
79895561
79906924
79907532
79912313
79912478
79922902
79947977
79953335
79981244
79981512
79987128
79994235
80003608
80005227
80047243
80051137
80060423
80067240
80073827
80101201
80120965
80126340
80130981
80138024
80150008
80164596
80167152
80181522
80186694
80191195
80193506
80212894
80230576
80243432
80256712
80271372
80281987
80288144
80305448
80307373
80318653
80319022
80324319
80345603
80355175
80355732
80359086
80359625
80365451
80387611
80393388
80405681
80409461
80427590
80448590
80449536
80481222
80485639
80486654
80487939
80494786
80513170
80517305
80521519
80526463
80531542
80538020
80539324
80551946
80568216
80582295
80596039
80602981
80604348
80642584
80645166
80649023
80666652
80679945
80689953
80694463
80696253
80716444
80723617
80734969
80735689
80740745
80751715
80757206
80765173
80769480
80778399
80780270
80786325
80795839
80797927
80824636
80835823
80840846
80841269
80843627
80867751
80885697
80920838
80932237
80950406
80955454
80970158
80981643
80989982
81002010
81014635
81035785
81053531
81069691
81078104
81080245
81083104
81086271
81092768
81103331
81103342
81106998
81107160
81118106
81130238
81146499
81160729
81163659
81172242
81172633
81177553
81191581
81198149
81220895
81232958
81242760
81258744
81274597
81305039
81319474
81335725
81348257
81364258
81365853
81371031
81407945
81411358
81414632
81421123
81424841
81425499
81432099
81434691
81439935
81446461
81452208
81453044
81461258
81468411
81469609
81469852
81471880
81479966
81503769
81518924
81536959
81538018
81588375
81592604
81602030
81637166
81647257
81648529
81654866
81689662
81689995
81691695
81708110
81726377
81726664
81735626
81742543
81744749
81746988
81749757
81753753
81754510
81772006
81783172
81793678
81807096
81813013
81822426
81838881
81867298
81870326
81887850
81895634
81904163
81912577
81920663
81926711
81943056
81945352
81948446
81973963
81974336
81991215
81998128
82007929
82008503
82008668
82019594
82039191
82040182
82047409
82068425
82068607
82068977
82090860
82118937
82122280
82133048
82142345
82150748
82155581
82156323
82158521
82164701
82168221
82170077
82173740
82216146
82232325
82257192
82265421
82274691
82298991
82299119
82300695
82317006
82322580
82324876
82331572
82383997
82385434
82386284
82397836
82404499
82417530
82421013
82421618
82437409
82451538
82452929
82463222
82467076
82486077
82492490
82497095
82505004
82506377
82511041
82518703
82546141
82592492
82596351
82599509
82601817
82606833
82609910
82615945
82618695
82618964
82624406
82630607
82634776
82635805
82640370
82655587
82681458
82689129
82693948
82697809
82697849
82702773
82716521
82718117
82718294
82725400
82749758
82759296
82764811
82790032
82791141
82798999
82803345
82807197
82811934
82812330
82824668
82831178
82843885
82845134
82850219
82853957
82859611
82873912
82877658
82882413
82891331
82893637
82894346
82905156
82907782
82908752
82910141
82926047
82943471
82945378
82969030
82970833
82974207
82977689
82983266
82988776
82990297
82993995
82995976
83000931
83001067
83015491
83016520
83040657
83042731
83046562
83046652
83057071
83061997
83063801
83075110
83080381
83119706
83127949
83137764
83140732
83143883
83150336
83157519
83172436
83175026
83197504
83199300
83201129
83210763
83214997
83215906
83240605
83246107
83266369
83292600
83306572
83321775
83324575
83334004
83334505
83344601
83346241
83348371
83354697
83363882
83368844
83378170
83385363
83393556
83395139
83408204
83408470
83419873
83428676
83447463
83449118
83466425
83468005
83475686
83477602
83482465
83500205
83510712
83524757
83531912
83539271
83542848
83573061
83590492
83610733
83615828
83625479
83625972
83638276
83649162
83658751
83675751
83681159
83686248
83714014
83715263
83716118
83724507
83740403
83752176
83778267
83782985
83783929
83804980
83807704
83808973
83818768
83820588
83820634
83820907
83826123
83828903
83832819
83855559
83858861
83876269
83877662
83883704
83889740
83891719
83892996
83904150
83905295
83917922
83933206
83939392
83946516
83959810
83969704
83982023
83983927
83988486
83990458
84002924
84011128
84016901
84022571
84039375
84061906
84062463
84080378
84083080
84092667
84117838
84124635
84125034
84141103
84141270
84152007
84157683
84160785
84179486
84199273
84207125
84218855
84244212
84244970
84254217
84255536
84261054
84268108
84272066
84279094
84280099
84284296
84286248
84291760
84293780
84295739
84308449
84313859
84349353
84358440
84359402
84362632
84363326
84365321
84373329
84379622
84386711
84400056
84414553
84420675
84421919
84424980
84432897
84453070
84455234
84474306
84482723
84484002
84485075
84496374
84531828
84534304
84550022
84562245
84566040
84573970
84591759
84593047
84595432
84601226
84618566
84677560
84682691
84692430
84702750
84706447
84711654
84728237
84730277
84731067
84749210
84762231
84785442
84786794
84789803
84837869
84849506
84860850
84861729
84864844
84872947
84902925
84903397
84905364
84910573
84930580
84935003
84947324
84950986
84954922
84954932
84955817
84955819
84957686
84973297
84991119
85018180
85024493
85025067
85025824
85027283
85028648
85033709
85035833
85043213
85043229
85061183
85073296
85094109
85099977
85118971
85155752
85168364
85178844
85181594
85204551
85216988
85232788
85233394
85244764
85249645
85250294
85263073
85264787
85267310
85279981
85280826
85284089
85289011
85299281
85300693
85305863
85310057
85326790
85327977
85338013
85342780
85348426
85365169
85379793
85381992
85389584
85391522
85393835
85413839
85417429
85419181
85419699
85426864
85431575
85433254
85435613
85469579
85474207
85484469
85485012
85498669
85502946
85507672
85525842
85531821
85544770
85557972
85564698
85572642
85581739
85582252
85589131
85589761
85605522
85612853
85613319
85632083
85642216
85645141
85649926
85651245
85663698
85666791
85682494
85685474
85694034
85724454
85741350
85751296
85755538
85765738
85766973
85786694
85789970
85800601
85800608
85804082
85823813
85837494
85851724
85864446
85879988
85890064
85892518
85898879
85903022
85909687
85919294
85923222
85940527
85940657
85959414
85963095
85995638
86021265
86035660
86042258
86042580
86048578
86053660
86053884
86055179
86078990
86082795
86084102
86101035
86116251
86136375
86147478
86181395
86181902
86189267
86201852
86203095
86230792
86237379
86245221
86247360
86251971
86252992
86256482
86260360
86270832
86270874
86273763
86285696
86290503
86300310
86320831
86338721
86349083
86353793
86360257
86361961
86382105
86384918
86386875
86391829
86426677
86434849
86443687
86444246
86454481
86462850
86474690
86483716
86496347
86507703
86512081
86513940
86517462
86530109
86541177
86551866
86560146
86562220
86573815
86579718
86601591
86602310
86607551
86616999
86622495
86623098
86644867
86652140
86674853
86676606
86688934
86702174
86728687
86731735
86732361
86733420
86753291
86754102
86775496
86775522
86800645
86809879
86823456
86831944
86832604
86851393
86856959
86863296
86870642
86874428
86881737
86884216
86906150
86908293
86943874
86965839
86967691
86980582
86983013
86988403
86988819
86999223
87009398
87013859
87015339
87019846
87021325
87022780
87023148
87036388
87036398
87042052
87060146
87062661
87063048
87064389
87078970
87097777
87097797
87099745
87105767
87114059
87117854
87124872
87139422
87154577
87159570
87160905
87163623
87181249
87181842
87188096
87203377
87210379
87210576
87222927
87228713
87245997
87249167
87251565
87271496
87300728
87318560
87320142
87335301
87336412
87361468
87383561
87388097
87389014
87390238
87408672
87415360
87418587
87420823
87426686
87431440
87465243
87467520
87473855
87481710
87491136
87526421
87529924
87532810
87538710
87541983
87542869
87545657
87548968
87550735
87554246
87554483
87557056
87557587
87563335
87569395
87582499
87623247
87639717
87655962
87674952
87678308
87686943
87687285
87695740
87695942
87702057
87706219
87715206
87721759
87733393
87744056
87774247
87780628
87784788
87808689
87816416
87820672
87822319
87830035
87839901
87845960
87855003
87860253
87875317
87885333
87886119
87890449
87902198
87906889
87907671
87911711
87911884
87923693
87936908
87938320
87956433
87961601
87964937
87971711
87988344
87995134
88002578
88017001
88022969
88024182
88041795
88050998
88052587
88054950
88076105
88078175
88080466
88087876
88093497
88094038
88132317
88134648
88149598
88159138
88159650
88167520
88172870
88189867
88191515
88195664
88197926
88201329
88211638
88213388
88216503
88217246
88224124
88228340
88249776
88253460
88282619
88295762
88298132
88318496
88333407
88339007
88346971
88348036
88366626
88396304
88396774
88397398
88406691
88408059
88415701
88418117
88429915
88445870
88451184
88453084
88471568
88475167
88484136
88488321
88496678
88505763
88514344
88516506
88520963
88529039
88538504
88545884
88547513
88563637
88580649
88609288
88616955
88631371
88635776
88638685
88642534
88644863
88651313
88653480
88666936
88685950
88703253
88712867
88713907
88717061
88717082
88771146
88771764
88779381
88797850
88804309
88804907
88814273
88815887
88820211
88820410
88825984
88829322
88846770
88892056
88909340
88928910
88931042
88949136
88955134
88961669
88967353
88987088
88999866
89001902
89004954
89010451
89019619
89027161
89029583
89036337
89052895
89066178
89070087
89070794
89093521
89097464
89102559
89107949
89117572
89117981
89120876
89127578
89127988
89131516
89133262
89138278
89142277
89152696
89176683
89196800
89199294
89208493
89220239
89222251
89222732
89233571
89247561
89264480
89277243
89279339
89291229
89300567
89325590
89327398
89351963
89356213
89356539
89359786
89422922
89441586
89456409
89463872
89480089
89484480
89491273
89514917
89533270
89534341
89540299
89541910
89548275
89569269
89569469
89577658
89580518
89589103
89593432
89606328
89609587
89630091
89632753
89640248
89641219
89648665
89675292
89678079
89719642
89737100
89737981
89756838
89766751
89769672
89779111
89792031
89795562
89798360
89802222
89805712
89827554
89832760
89835530
89837742
89846835
89848002
89850382
89851288
89871381
89876617
89881343
89881883
89890181
89910052
89917063
89917618
89920227
89939955
89939970
89946429
89955431
89973115
89978967
89993818
90005966
90019974
90037884
90049471
90071682
90079439
90082732
90083292
90085028
90087098
90089289
90089387
90095348
90099924
90105888
90109226
90114515
90116546
90117963
90121990
90122927
90124160
90131690
90132107
90139666
90144535
90156424
90164257
90185851
90186853
90201561
90215106
90221478
90240629
90261735
90278662
90292054
90293723
90309083
90313297
90315216
90324039
90344444
90350860
90354081
90356178
90363196
90370521
90376556
90378488
90382185
90394107
90413275
90420967
90423675
90425685
90427804
90428947
90456465
90463998
90501287
90503481
90518522
90522173
90534295
90556543
90562361
90575741
90600796
90603140
90611732
90642889
90654378
90672009
90679508
90682194
90692453
90692794
90709740
90710127
90718120
90721615
90744268
90744481
90744954
90746620
90767538
90772470
90773635
90792615
90806767
90825772
90826949
90834552
90836016
90863601
90864557
90864893
90865391
90865551
90885601
90886435
90921367
90930782
90942773
90944505
90948524
90968115
90975990
90978563
90980551
90991148
91014296
91024332
91067973
91075090
91084333
91094061
91097530
91107164
91113502
91124202
91127150
91128435
91163317
91165869
91172204
91175798
91206480
91216756
91223105
91226849
91243020
91244667
91247604
91258229
91265706
91303021
91320913
91376720
91377178
91377297
91383758
91411426
91422305
91448997
91450837
91458328
91460268
91461827
91465757
91487861
91498290
91499616
91503121
91509961
91520750
91522112
91528237
91533707
91541320
91553924
91561437
91575435
91592645
91609676
91625968
91633678
91637992
91645589
91672995
91683472
91684699
91703458
91714177
91714824
91725996
91743124
91751746
91751868
91768443
91769205
91786282
91786344
91790479
91798303
91800857
91817272
91833390
91842214
91850662
91882203
91897596
91904833
91908203
91916947
91924680
91925644
91927925
91933504
91934360
91941725
91949069
91949379
91952226
91970413
91971454
91980149
91994358
91994994
92006024
92027091
92040215
92042102
92078836
92087282
92090354
92101255
92110798
92111370
92117194
92126655
92143917
92147437
92154155
92161947
92172659
92175078
92179846
92180079
92183064
92190222
92228239
92232991
92233390
92237562
92242405
92245891
92279260
92290497
92297016
92302165
92308222
92319291
92323077
92327860
92331261
92334601
92334966
92348319
92352123
92352899
92358765
92365914
92370638
92373374
92376222
92389221
92415161
92415748
92478466
92483300
92488911
92494242
92495826
92497244
92499326
92500474
92532516
92545855
92555701
92564115
92570166
92576537
92605550
92627391
92631380
92666688
92668090
92677412
92683649
92691307
92693079
92707548
92708896
92711553
92713399
92715638
92723027
92723672
92725411
92735923
92745622
92749349
92758836
92760045
92760243
92786011
92807421
92820268
92821943
92825066
92829426
92838993
92854401
92859668
92861557
92867994
92885962
92888503
92891422
92893330
92903474
92903762
92906398
92934108
92956289
92958728
92959335
92966318
92979336
93008481
93026713
93030101
93035935
93039354
93046746
93048586
93051540
93051618
93054516
93063890
93079192
93100174
93115551
93115582
93122213
93151895
93165860
93168579
93188500
93195728
93205574
93217764
93223522
93224531
93225332
93227752
93229177
93246099
93253715
93260889
93282757
93291408
93323955
93324720
93350893
93357891
93361220
93364858
93379114
93383574
93388045
93389875
93409932
93413434
93432062
93443575
93443939
93456359
93463353
93473151
93491047
93498988
93509170
93521682
93524744
93530317
93532417
93534203
93543787
93555646
93578352
93592894
93593666
93595746
93597561
93599443
93607556
93612446
93626158
93645244
93667123
93670601
93676826
93678873
93700400
93710208
93721422
93724363
93724606
93730345
93744956
93756507
93757914
93761618
93768183
93793868
93794406
93809945
93842999
93866175
93891856
93905483
93911981
93932259
93950289
93966715
93971393
93971670
93976102
93983664
94020003
94021964
94027679
94041010
94041237
94043956
94069091
94081038
94081274
94083515
94089123
94090228
94097453
94105390
94119037
94121347
94126244
94135800
94138494
94139731
94152378
94164403
94169886
94170027
94173340
94183218
94185468
94218453
94224609
94226663
94229528
94232565
94239151
94260777
94267692
94268407
94289044
94298922
94302994
94308613
94312414
94319462
94325246
94325610
94329061
94333701
94348772
94357315
94378061
94410234
94410553
94460858
94460977
94466243
94469183
94470512
94480858
94492480
94495448
94503607
94531041
94531783
94558718
94585096
94591756
94595203
94602420
94603564
94606751
94638344
94651691
94677295
94704188
94713553
94723914
94737711
94756156
94768312
94779853
94794835
94804858
94806084
94806697
94806868
94824333
94828815
94844903
94849601
94857099
94858484
94861260
94882409
94890119
94895457
94900023
94901711
94909564
94913274
94915168
94918975
94931768
94969143
94997715
95005926
95019862
95034148
95034762
95037119
95041215
95050964
95058332
95071003
95084938
95089292
95095459
95100166
95100621
95102514
95105207
95112117
95115896
95121393
95122392
95127900
95127948
95136039
95147960
95162101
95199200
95207526
95218419
95221204
95229172
95234678
95241157
95251844
95254642
95265134
95269595
95300502
95305446
95309781
95330504
95334463
95348169
95355556
95364154
95381628
95390867
95391652
95400672
95403093
95417231
95421277
95436827
95441317
95445792
95472393
95485331
95516596
95518577
95521591
95524480
95532231
95543399
95557736
95576518
95578216
95580031
95580546
95587183
95593625
95603758
95605921
95606002
95630514
95645699
95647999
95669405
95670281
95673307
95698374
95701487
95703505
95706474
95710189
95716241
95744924
95772580
95782768
95783817
95787400
95793204
95800167
95844243
95848338
95872010
95874749
95876092
95884942
95888173
95888966
95890213
95894162
95904743
95905268
95926803
95929002
95931981
95971367
95974570
95981695
95982510
95984554
95990456
95996539
96014445
96019146
96023249
96024893
96025654
96031574
96045457
96048765
96080930
96083548
96085710
96089554
96098207
96103923
96109347
96117543
96118231
96130157
96143172
96143660
96155164
96177582
96182165
96182859
96184015
96199176
96215443
96230067
96232628
96248533
96253399
96259890
96269742
96279206
96281548
96286521
96298426
96303879
96304608
96305320
96308981
96324650
96332758
96333822
96361697
96362265
96372377
96390968
96394624
96398947
96401491
96410552
96410569
96413971
96418486
96421277
96421475
96431990
96433448
96448334
96457166
96465133
96476919
96477596
96496271
96505916
96510977
96512547
96529156
96552483
96559946
96561677
96570653
96575062
96576304
96577628
96596934
96600609
96609071
96618325
96632599
96641408
96654054
96657853
96658304
96661930
96664340
96673099
96674284
96681843
96684812
96685202
96702560
96708701
96708888
96717350
96718042
96732106
96748417
96750167
96767692
96775922
96778186
96799110
96802678
96813488
96816423
96823579
96824711
96826596
96863049
96868817
96871278
96875392
96885034
96889447
96907132
96944382
96969564
96970704
96973040
96990212
96993033
97000688
97001647
97004157
97026472
97031757
97056461
97058250
97063532
97068223
97071445
97079460
97092967
97099658
97105205
97110971
97116537
97119354
97122697
97124950
97140055
97147166
97160185
97161404
97162248
97188559
97196343
97197699
97207054
97217541
97241334
97241617
97267793
97273937
97276517
97277657
97311281
97353196
97354732
97357707
97358770
97377846
97380473
97383558
97390016
97397444
97397807
97400079
97400316
97417746
97423522
97434317
97434869
97453785
97460212
97467904
97474235
97489232
97490772
97490985
97502294
97504769
97516202
97521973
97527405
97535486
97541607
97544037
97545222
97565059
97573405
97581317
97619283
97638328
97642462
97643608
97655398
97685548
97693408
97701564
97718143
97724034
97727400
97730151
97754372
97764395
97768402
97784470
97785635
97789211
97792482
97792901
97804093
97819749
97821552
97850216
97855972
97899032
97903200
97905692
97932461
97934218
97937943
97940678
97952632
97983968
97988841
98021089
98028403
98032727
98034794
98042832
98046708
98050549
98058814
98075029
98076898
98083388
98090868
98091746
98093579
98123471
98125497
98129903
98161544
98175032
98181344
98196911
98224724
98225650
98249969
98250564
98257507
98258962
98262149
98280985
98289601
98299519
98308524
98311847
98322011
98325615
98334703
98342666
98353633
98366407
98382768
98387482
98394583
98397230
98412431
98414286
98414457
98431653
98434428
98449747
98457098
98458317
98484174
98487856
98493914
98511904
98517524
98531906
98536425
98537930
98548151
98555090
98556358
98569196
98575630
98585985
98587917
98604959
98606543
98619280
98626407
98628407
98631350
98631716
98632003
98643760
98660706
98698463
98698904
98707825
98714293
98725125
98731271
98736069
98761681
98772097
98807911
98808341
98812981
98825606
98840443
98842087
98857636
98857830
98899804
98941404
98952923
98956204
98961171
98961614
98985778
98997297
99000325
99007223
99011427
99015567
99016352
99032214
99043433
99043600
99051978
99058308
99058773
99070233
99071578
99077583
99080120
99124998
99126923
99152662
99155266
99161673
99181814
99188046
99193946
99196533
99203749
99204822
99207278
99221783
99225518
99230963
99232253
99279252
99290475
99292784
99298365
99316575
99318317
99322257
99326996
99329421
99345232
99352649
99354697
99369639
99371139
99371372
99381752
99382116
99385185
99417806
99422648
99442958
99464884
99477787
99479233
99480362
99480864
99486807
99496029
99528001
99529757
99546485
99550300
99565233
99571073
99575993
99608228
99622634
99623384
99643505
99657101
99659497
99671055
99675485
99677435
99683009
99688788
99697215
99698875
99699038
99708747
99711408
99714451
99716047
99723042
99726928
99727739
99750103
99759943
99765162
99773459
99784037
99823229
99823419
99826179
99842669
99843434
99844161
99858389
99860519
99861309
99869076
99878161
99888447
99896042
99896382
99905699
99911439
99935371
99955919
