42856915
47249716
45595296
61222996
64833487
63927945
50301564
33064666
61507341
71360963
87845960
17152752
87744056
20304689
85426864
32899902
77478658
67588687
45855176
18489973
28642303
16760375
93361220
28838820
39719497
66801268
23567292
98628407
69244557
90806767
75613896
20317989
53306577
64908718
46667452
44471505
52045540
86579718
34956916
69679523
25794351
11518726
88022969
74678975
57123664
68215319
63786630
90886435
55399951
85923222
27056510
84083080
33557052
95844243
15622456
33826006
23480573
38543671
74769229
75020491
80679945
71142453
85073296
64067835
87062661
46679502
68773629
91175798
21679630
48988152
10840965
49794829
88475167
53281096
42024452
28645306
10243990
21336139
68670290
31261023
63882415
47328527
96048765
99480362
23032721
40847864
74928710
84349353
98075029
18186478
93678873
43436463
23999216
32941800
84421919
26824459
49852625
52008358
84386711
46479388
39719707
84313859
62689429
38785234
57441539
74223049
54228956
37101621
31006536
33122618
71421427
80780270
50421656
50543090
84141270
49340252
31876611
74858914
16074652
37417437
64104566
20287316
63010445
44940453
21053349
23579775
62563420
75908445
86055179
49418177
66409223
46763252
28679342
63510432
34649096
38929027
96019146
30096748
85694034
20719735
77449689
95888966
79801450
99608228
27429373
12862342
43045368
54832629
72674783
40476344
90428947
26103752
52102809
32814465
44613978
23305890
79856240
49595328
50408752
40640319
12259219
62349332
86809879
74491724
25528085
39111425
39188037
53138786
15015036
77754681
15981523
14208068
39183990
83782985
97792901
67136102
46355169
43783293
95089292
23022220
95603758
82265421
32733425
69801017
21700555
87623247
69839892
51171149
22538234
72961272
89356213
89606328
21333602
38739321
91533707
47096271
92290497
31606815
48233001
91683472
74621378
56625038
61565211
10861898
33832619
18586936
81053531
34084803
11379490
43861474
39679126
75134745
19036705
96748417
22743616
94895457
64024600
45747102
78035067
14727844
97031757
78515635
87532810
18215519
65683059
84016901
86775496
79640531
82133048
22922425
54826134
19736160
69334287
93721422
16306654
31124816
17107488
60170350
82759296
69732565
96089554
35864170
73840230
15656808
72497216
44079038
28194449
60034530
52658968
62488918
81838881
11463099
60107978
71709469
27699060
93046746
86728687
73128961
52024790
70383702
91411426
75080565
86483716
12159608
72250857
41547916
26240441
30563239
17125123
40129043
93357891
68377524
38999115
85419699
35402710
99155266
68328071
44000742
30981483
39020147
71935687
77541262
25359631
35500437
94268407
96970704
18063723
74063818
30274286
59299500
53323099
41112409
20998320
14717832
39196372
52435034
54237586
71926320
84039375
39217278
35600622
26540424
85417429
83075110
86688934
44575360
67439605
81991215
20149831
83324575
69643603
99290475
12365910
26533887
20437760
67780541
16165578
10881384
68456793
11680980
89769672
89441586
14672618
54890270
47875748
71717968
10071709
19217770
32527320
56088611
83419873
79461418
18757952
55045329
34244538
97565059
16706495
94173340
57814191
71100662
55570536
71630173
17147338
99369639
71093369
12831012
22225575
74339056
20709569
13438505
19071843
27892437
81258744
32478622
25659488
15960759
68684876
82908752
70602540
96269742
50635772
10769591
31047600
69143929
40523671
30671195
12944148
60854940
92117194
84061906
90413275
66746393
21956400
61590690
55654205
33584473
18943671
39832271
32294051
14083982
84762231
16027239
66985962
69319481
89678079
64487982
80427590
90292054
11876114
88580649
87988344
83832819
25155078
44846473
91450837
27619975
87995134
27913901
99683009
99007223
47395081
21175562
99496029
40339835
28137719
24051377
74234890
68010559
40430690
94969143
18694030
10582565
79018271
77623608
20475455
63876003
54610597
13078156
62583593
97357707
35789233
73040035
87839901
82977689
51438493
18667098
86285696
67282003
25646666
51953316
33915894
67580287
91684699
48045048
42048612
27135234
98698463
19750647
24992643
37625314
13527504
83625972
76234460
43805818
98643760
67345055
45565462
21411390
46378733
42770114
78113110
44522214
24168729
23518243
23358090
75453581
34462815
31282812
28633753
33265607
73200402
96813488
53808082
86434849
62398210
49088959
38173722
98985778
77601456
70706396
64599799
15561110
90354081
60388345
60925538
36655157
86252992
52009155
39147982
24750251
42819245
43415015
36703893
51855018
92365914
40500405
67131555
99571073
42833005
50212517
77477498
92888503
76252139
27488301
20164986
57488695
64362099
53470920
54433889
69051581
72600163
75193368
83306572
93388045
20879556
60061182
83905295
95874749
85061183
15564724
16381656
18160476
90718120
22194616
55940067
63611361
73580385
60165913
91924680
95593625
64115429
99677435
71925899
37721133
13758736
43809588
70185461
34668033
35088072
73840271
17009706
22327742
65679316
86622495
60183633
84207125
33003108
87249167
78652816
91768443
32209832
73647362
49450808
46966291
47716538
63388079
95716241
41286088
30615894
95034148
24602918
33853294
16545935
25392733
29559756
96308981
84295739
76951405
94492480
78071033
55116351
47828202
97147166
18141513
20695890
72024342
11885498
41645499
58252912
56099996
11816203
93323955
21295661
72223463
54733066
64353476
94606751
66877505
92147437
34935711
90792615
11678041
20129873
27056454
42112527
61558127
18673020
53197249
91933504
76510202
63184141
14266965
63927616
60494778
58608652
51020907
50611740
73316492
83658751
96182165
21249990
56978938
96512547
91165869
57304481
80130981
95207526
58774744
45227302
81912577
53430524
88703253
40449388
12689605
31989807
45399434
55062537
87181842
47679832
89107949
69472869
33837696
87036398
36189334
21951884
18788267
43030600
28892946
94410553
43217226
98812981
67324935
86800645
78702799
35141295
53642751
59211041
89514917
12141963
35055079
19099543
91941725
59335172
34386783
40307195
53220664
40658319
21573484
42475496
12806611
27019936
17932644
54136454
28048063
90420967
25388614
29703252
97277657
18287867
33806183
56635561
78212362
87117854
10468915
28768496
12563942
58323990
31688644
11621898
13353451
93350893
23518804
26257450
36399325
22162979
11065462
23939854
33178874
40582272
56848107
85765738
27185417
16523408
60027853
37406987
98825606
37518194
58857923
95095459
21057388
74276009
39317098
80060423
53292174
65875680
55591318
40489306
69329369
34784041
88396774
47558862
46929967
84955817
18139409
89632753
23065180
11021873
78751741
68735963
29514253
40615889
75331936
57425240
32589616
70027757
68322674
21524831
29666525
10062025
39326611
30868676
43872884
88149598
62676253
91465757
14321995
48904083
11107094
28108421
27945242
83378170
79442771
62197905
23303327
47745213
25407507
92545855
49296267
29741606
64809110
91498290
11227414
21167939
73846051
57469615
52717647
55704620
86733420
70876031
99708747
89222732
99345232
43649887
76730901
45211053
20459583
59781893
75478803
14138023
72107595
63769568
63575861
86965839
75152138
35510656
48270003
24193431
65251328
85232788
42786209
99193946
94531783
48295984
52892866
36928546
33521233
38987143
65782741
94806868
92175078
48967272
96394624
44375648
42515080
39171777
29910877
92708896
84286248
35640533
44268383
11126044
62840302
40809010
60488957
98334703
70811027
54937785
51762819
61562192
61937745
70975158
26097233
29297804
53591916
90019974
18232934
58470962
93246099
61539330
88488321
40432892
80271372
82882413
32823578
52579409
42035605
11189033
33454207
69217714
42675187
91769205
13261381
18137636
25566491
73697735
53724626
44866994
12690736
72627879
16299129
65415185
87695740
64560544
76280818
90144535
89142277
64725574
99152662
59477850
28903029
99000325
13519153
91461827
22663554
83199300
39094387
26134716
22620741
12268856
27103803
52744244
64591122
55753850
73097478
24408967
94466243
34731474
66368476
55707707
18840101
92494242
90692794
26504863
75557807
32003460
81754510
94043956
15372254
23829331
85431575
72716149
95305446
59904157
18014687
47844614
68582068
90562361
19395699
49357834
55217981
74478887
80694463
34422000
93051540
32888526
61389462
39728478
57088847
81035785
71993732
37832469
10539052
44844275
68331528
17426272
51505666
22994379
16932825
40731935
20326473
65995683
26549509
85391522
14180220
81945352
27481195
86349083
15219920
22394048
72776049
86256482
20142894
48898484
92979336
30266960
78043586
91833390
71167678
90261735
40115696
91904833
48057808
46839228
22892894
26266869
58067462
43851417
62013628
58382833
93530317
29319110
77152109
79453074
87019846
20883922
67193679
42325586
99126923
45270882
61104678
58426749
24787652
43772788
11928706
41924778
86082795
84731067
14767423
23636469
17375524
45920350
49458578
26824775
54750545
93051618
69474469
65846477
43892785
73699681
15359793
24652211
65490159
19229834
87964937
32641723
73836100
71917416
41523231
82764811
73698073
52870831
22919698
12915043
31135573
55457619
69905629
75455166
14723438
52836537
51533213
99352649
63860552
79906924
43069975
96775922
58804383
96418486
97730151
78148884
77606392
15079742
54506281
74099443
82945378
74743955
35843261
32711736
98280985
75345128
44433869
35493259
69403171
15391825
50058568
96885034
30874416
97241617
21659224
43659008
57244190
26858879
54302188
61125843
67918340
13095788
78321185
58966953
10229914
23108761
45459761
37356002
80305448
29955368
32051458
15398322
74953394
13481096
84973297
17261987
34311069
53548047
74144584
94804858
70018415
61212480
87420823
10295867
61616231
99546485
84152007
35621586
44694480
69723217
71316358
73482355
46194369
27989364
43256595
50205813
53295791
85632083
90427804
55207817
69505935
74372621
60454326
16785376
30323550
14988381
47445090
14935669
17805522
92161947
48788957
34036518
27974959
61326828
54839731
92903762
51029237
90978563
95606002
87885333
54675086
27254323
85919294
99322257
43509549
79571025
98772097
80551946
52686675
39735881
52375395
56075692
73174218
74358367
48507502
86775522
72731641
60640995
94861260
85379793
12383299
17142141
17986598
91925644
92101255
36590139
84954932
59600758
96333822
83172436
30812012
72472893
30733790
19227839
29740161
78597158
41880212
15489396
51431069
85381992
26426678
56317382
39855582
95162101
20882871
63586059
69343191
42247043
68510707
93983664
95782768
87097797
45792798
24797245
40415687
65134984
69155925
44896250
20175794
68716480
92483300
44828348
24425801
76696870
98046708
68407502
51024384
95578216
78201180
71288724
61275380
24858145
75738066
13446582
82988776
49905529
94824333
56680349
56211561
38964211
18555520
36003433
48982041
21705529
72890576
64960934
31244423
51111427
75509082
29509478
44527240
27741426
24903266
96824711
19658497
39875024
56543125
56066168
28956728
56353971
90376556
51595139
20202502
76459614
35078699
27058782
39230779
20230340
40392187
46758644
62039057
51210767
72787125
86245221
50292262
22493552
34137867
48303955
13746694
83573061
24492345
81083104
94329061
62661677
60098897
70962375
75853430
80005227
59801202
50590408
87545657
72458947
92758836
98382768
93205574
35929985
58464065
83946516
54866685
56086321
91703458
75314417
44175847
72465970
63720992
71125734
41905746
97643608
87816416
11744681
18616899
21399318
80735689
39407182
66377887
38965557
38677968
90885601
43813007
43213054
31151321
23183835
32335169
19148689
33020595
13034911
98487856
48055319
71986583
45962502
16805284
16483054
70561263
72193406
11931905
63974405
25379175
52385376
84420675
95647999
37523860
27731529
70163968
80765173
33651264
58660600
37422379
63603575
51843974
82716521
41760213
81926711
52831662
44333104
60358962
22128793
73942013
25546366
65748663
44557839
79894602
15405436
30011992
56668678
12472468
77706418
29140876
48419280
23416651
87557587
88211638
52811395
49168522
90991148
50182813
53808517
39036864
34388769
88547513
25160761
15816055
33520938
54366355
25630148
30128307
11804312
13703486
21312322
84947324
13929279
63878396
70585113
15071459
76029512
24084745
54885077
11684228
53907798
26677383
52289073
59772144
74717196
36601008
88529039
87336412
81242760
77298291
97685548
98225650
51513946
52667884
18465033
34138240
15637976
82843885
31650401
84595432
49306547
71461699
61547299
78486219
29741436
38558766
62653637
17930976
95100166
38513464
15674970
85589761
73015807
21233381
69115635
28477298
36415443
75599238
54941824
78927468
17427316
30709200
19072118
39436556
19452646
25429977
81998128
36772579
87686943
89264480
26483437
67072180
34763213
80186694
31704403
88445870
27663603
83826123
39809153
28551798
11890765
14443190
54385929
85033709
40368900
48608520
24631498
35787681
13245363
76375174
89548275
14193135
57109243
27288876
57901839
73287076
25964610
55355308
98342666
22988610
12392493
13227441
35302218
54762300
37393608
28232222
46873604
97724034
50808273
13597713
98224724
23370503
52882680
69763997
99844161
36672978
59099402
10333701
38524555
24993151
22940687
28462192
78334685
23543418
13399256
17178710
21237108
53719105
59296664
72940437
89609587
21079691
27990369
31922837
40513161
57880382
62912254
75966416
78508552
39513354
22664255
27972981
47458109
63188673
25562771
44413792
99623384
67588600
41924334
46370590
15084121
82599509
74426380
63843849
40347533
46833485
24471576
87715206
26378389
86426677
77584749
68423753
12581433
14785144
74831786
88024182
81654866
37278245
81689995
34738949
95400672
46987304
19432642
17241635
12854345
10991458
66420630
36059828
64816091
46233654
47094455
46096885
57959433
96143172
86147478
60596384
79912478
20160359
16062289
41032953
60637879
73963876
66099897
18216975
16180667
39172782
74949691
71699324
49984942
26310916
49766131
12992409
56374533
53731364
44370913
34828291
58838598
88638685
62968490
50695533
63504181
33164329
87733393
62108115
69118285
68730801
20985361
19459569
30785344
49878434
61018807
55912889
50791961
43964065
65685298
79603975
86048578
34340179
53749673
61869790
65066513
50135299
19163638
56516161
70776457
23195555
53430493
54836529
36063157
70333978
99381752
16957805
80355175
50240889
29179660
22183877
44635166
11305662
79026666
98857830
85589131
25452640
94677295
29411575
77037993
48687878
63197116
46813763
21224247
19389269
78148354
88931042
61322852
99955919
75036564
51788302
31794010
51024641
34748917
93364858
92370638
96279206
92725411
32621610
95929002
78877307
47478997
95115896
43109906
37748015
72146644
21337774
12400268
75331605
90122927
90600796
83080381
63739557
51678408
98161544
22960580
97903200
36694531
94239151
95019862
28071538
65299215
62775176
20016232
27856437
49082363
79635758
18558374
19941970
88295762
39233804
86560146
12916796
32421175
34923712
65988067
50744626
51353705
48803939
49026153
93491047
34125537
84453070
69216017
17760393
95524480
28524549
60846730
78207105
42367652
35404836
26247186
34606043
63899440
28582515
78512929
85564698
65057019
93521682
46602674
68644099
33994002
67349731
16579686
86353793
95669405
31996396
34697992
43634539
95974570
75542189
90463998
65687704
19715527
32278339
78474517
23649736
99225518
66795031
27309560
13033726
43723879
67240775
29562212
77053599
38211972
20177572
23782896
97197699
20537066
55038963
98093579
32390982
51398783
20308001
83625479
10364000
53408116
13819968
29169809
94226663
28584522
70880308
42962933
71562864
92807421
81172242
47258073
10142235
61401731
88191515
22064686
10331829
87203377
38328879
39236747
24504639
74608325
12262161
83686248
99896382
80164596
28263606
40448718
27295039
38812640
20951149
30117294
92723027
55034401
31749887
52132574
16466325
77146678
70974742
74639780
28860998
50624539
14828986
51125690
25508186
90425685
98299519
82397836
40435040
77865370
62869655
41101445
20004182
17168654
98434428
89351963
51004058
78127484
65617099
20519789
18642449
43277696
23646984
49903709
59953667
71462666
97804093
49721907
24685812
70633426
11652178
19245781
58502996
74374573
23984101
62303592
34639021
40342474
28296765
84160785
71450568
24811602
97400316
81689662
47900550
76190764
51442522
72412239
24166301
50661328
45147857
34612396
75777999
86042580
16174945
89066178
50355165
71416872
43387524
70469128
53231736
95532231
17881217
64031847
30182578
25492302
73066755
35386387
10986325
18764868
94844903
22985521
95041215
21099494
52472417
20805637
64576828
50589000
55049418
65547394
85581739
37033702
24753039
14842276
15497473
81364258
22611626
65971500
28773063
83820588
91952226
18531506
72944281
94232565
97581317
75669224
33180675
36520730
58278271
93168579
76539749
50154158
81335725
35845265
64469928
23600011
66019684
84785442
21722524
34760438
25000179
83716118
81414632
20188237
74667020
79597196
22251765
14500817
29632001
25176112
59501168
27320937
49487993
41162202
53235238
47621917
36925637
96576304
13612588
94089123
82910141
65078934
29338654
82142345
60452828
92415161
37083996
98493914
42889243
24013557
76305626
51538751
23633511
29585011
28234726
83933206
16364050
45583250
82421013
40647591
88396304
44999516
15006318
77421115
57816305
22474606
39431225
92867994
97383558
48932085
83001067
68855141
37805539
44395950
59423821
94591756
17343635
65135186
38769911
30352517
16034690
10668698
59803904
89133262
70458929
30597413
35810864
95050964
98387482
72250544
33713174
43353648
32605991
36135572
40097055
58495675
95105207
81407945
41366561
30003152
62321285
35648663
23632757
42039202
16781521
87542869
90114515
90944505
66899336
19329163
25406910
21687790
80051137
30224166
23114982
87251565
76322801
80355732
71638513
10509139
91790479
44901313
11411875
35717720
69829074
88496678
31909247
50507732
39525618
86573815
97056461
56114371
37694240
71242525
69765302
92715638
20090306
36940695
51574564
17855680
85299281
58450523
12049580
16810843
89117572
14005701
51974966
29066517
83215906
85525842
84365321
17985076
26418363
66805245
52879632
39521429
32603159
51550870
74024532
45043814
38426345
11931447
71340974
61482113
65871747
81749757
28195472
67405295
64675166
74077715
12493155
48890888
12765300
58659410
93432062
75010760
48334960
49548351
23000131
79633730
86906150
80723617
13440638
53187387
91934360
10384155
67449148
58537540
94302994
76966055
74615472
87695942
70652758
70133445
14987020
64672153
56659645
56180505
30428167
70803468
11747524
96993033
65076428
82718294
37925836
54931660
28506364
53703619
54196452
88999866
86507703
80003608
12591093
78286708
80778399
49375890
99181814
60943891
63903612
69597882
76626658
28793051
63213065
99697215
91817272
60970037
99385185
50655587
70875027
31690040
59028438
84728237
51001486
44787540
75663239
47165136
94083515
45607162
28032365
45753335
78585202
19925884
35794189
51290154
55032356
98034794
47968002
75752144
37383226
87210576
67844428
86021265
93282757
72432028
13004715
58474817
47131849
84455234
69046649
92302165
16141826
96875392
86702174
29455715
26877764
29294955
28245925
75545961
18606797
70037786
59131506
75121809
90185851
70950945
92233390
76448814
59839150
80740745
32462596
14432566
95390867
85507672
20439451
71542392
90968115
31275347
34507138
88961669
12877805
74858523
39221851
11981821
55814546
61357022
41255567
85879988
64567253
58254379
75908202
89480089
96684812
41765433
77662288
84474306
47394565
22568870
22418448
27754172
14985379
15405083
84261054
40234454
23274400
82609910
64869167
51248523
15017179
46249960
81726377
41908676
42257365
26817686
18312728
84124635
36295237
64710007
30655230
41576611
26407926
26259027
53969695
72888272
63981034
73427998
61271740
77198013
82970833
22641277
38949529
50120951
55956772
40411492
43680422
74189422
83000931
60049696
82974207
87538710
32762509
74631336
18622993
32229363
62274538
12541811
55911183
21526594
81319474
17231364
80521519
76306248
80393388
93463353
87022780
19454664
85284089
28408382
97642462
33208966
73977797
12366479
68947136
27649790
78317708
81742543
56682997
47070482
99823419
53449091
63126874
29700525
66397361
64037112
61298097
48082624
83395139
22649210
54767201
81002010
96085710
66301067
59773748
87021325
70456774
32198435
41950458
39656202
31468219
41915493
63548208
97004157
43441229
41402954
93456359
83175026
20286668
16966982
64311748
52876630
94602420
45400312
93030101
75182422
16433904
15188379
38485920
43227526
85890064
45513014
91949069
58379142
19347659
23410103
15314223
27826779
34817899
78025659
30948251
82417530
33980111
89491273
58311274
59248136
74311741
16480447
87181249
88825984
15157358
10063084
89533270
54262227
18579049
12011487
31100249
79608241
55508843
91377178
77200189
29152757
16019746
97932461
36363931
90350860
68365702
79922902
73269538
34937824
86101035
54734458
44410379
83959810
75688512
65826381
33896053
17686708
83363882
93324720
57914385
90037884
21532849
23900689
60654234
40658410
11418540
74358266
97026472
45427364
13087463
38494286
33218761
51462773
75723258
94882409
32156391
43595907
20081624
68298790
40018851
80734969
27242941
39721868
62466460
99464884
49996464
82546141
48578546
89846835
92693079
62566696
51334159
18587057
11658946
54435944
12166105
31821263
11981981
74381699
80073827
68378596
74719330
59000029
60962385
86189267
57417601
91509961
57289130
38815493
36235032
25501761
57568422
79830636
40477339
62094893
93498988
73255398
74266834
74076468
94603564
12346884
59775313
99861309
40321323
98840443
12202125
85028648
75568186
61284386
97516202
99716047
77690643
80448590
70697995
97821552
73659979
38157530
35589700
69646253
55854213
94319462
64447651
87481710
46980570
53868014
86290503
94849601
54628728
54891191
12289734
23490031
38308192
77303808
83807704
97397444
74714321
80797927
42554750
84786794
26317313
17777458
18756961
16519820
45464742
97188559
17086437
31653838
84255536
53351439
44563244
44810296
48228821
29947732
28516094
41830250
17224391
93054516
28741204
76702006
38791179
52430200
88685950
16452319
22172289
59355036
56295676
85645141
49100847
96718042
47470356
65153565
71155571
83778267
36907030
64223417
50274966
96303879
11717342
44879076
68728422
30475957
57152785
88505763
82791141
66811607
73501016
95557736
25260065
81973963
77648047
42444146
79866460
25882437
81163659
47759314
88078175
40517926
79379407
29525363
92179846
57049449
96401491
29509976
28247799
81305039
31613258
29546009
25608669
67788774
71259124
53001430
81793678
92677412
88076105
91725996
64656572
51601806
34673064
20042863
21125266
67777956
71980739
32124338
46581859
56877749
12135037
24577466
59242094
91994994
54254329
87971711
76426208
13745895
68322327
59478052
86562220
33223511
86443687
53322922
55509986
54725470
59089805
30320401
38486946
45809217
75666590
73906881
54811699
86851393
29951784
97785635
80757206
77621136
11799546
43261989
73890824
21797992
43540401
49393133
76757781
93700400
12441644
90124160
65695144
63862682
34998999
62560654
36028066
63348618
63035448
27925452
62704728
86360257
61612826
93592894
28839260
62555214
74523623
21834749
71504407
88228340
19922303
10356262
49928067
66446188
44582575
40668258
27798887
14130645
23411306
64684307
23924307
97417746
24798153
94806084
26900085
50919558
25071107
65425743
98308524
48706283
69065423
22490448
15890701
27071893
61416391
56490387
86496347
65954651
61142850
83610733
12119736
59871243
94135800
36693737
80786325
29845260
56332252
83982023
26738085
56074290
60120658
57337636
74057308
33804665
78815057
75888458
43314586
57521185
44835388
71996671
48702051
91575435
15434937
63508967
44415403
24294844
45776083
89131516
22686939
85741350
45370152
20449408
13801916
33783028
28185993
78582817
41596862
78246361
24982444
57087640
24981979
80539324
26810370
65781385
90930782
82601817
26126236
93217764
58936078
48723001
90356178
48646611
98175032
27266862
98707825
40103462
39161421
55620299
92711553
91927925
39692172
25974729
96778186
88339007
57445215
22039287
61934080
48248990
56227165
26346631
29991924
71949325
46337740
52854442
57853279
49686179
80824636
14405495
39515989
24829425
47466563
33449336
43076711
39494511
49401652
81432099
60348650
29033489
31233311
64391639
14159651
27385311
15718364
63568458
94119037
62473645
63741117
47782620
82068425
76052565
82697849
69817143
29913076
64381750
21177203
38151773
74223633
20445520
39886537
69596275
48199178
82812330
88797850
78382121
95330504
46950578
20443409
61680667
50449695
51784465
31355585
20673631
89220239
52335185
50573769
32588792
93195728
10875876
74293065
15849434
65609827
85244764
67762001
60266090
83675751
37334130
33313360
63252730
60075393
93223522
88949136
89196800
35362424
68742927
59289923
71745979
88453084
89117981
61545376
71405244
12169640
45304230
79515327
30886294
85724454
48325688
90682194
70377229
44435590
64674323
96990212
81069691
70872284
51525548
63650931
56013835
83015491
10804366
96496271
31686198
96681843
99622634
97119354
91842214
94312414
74803338
14754561
11640321
80596039
33683085
34249575
54423214
87550735
65038939
37139182
52352975
33936799
50647268
55067647
12206856
45949584
88397398
20232934
38077823
96103923
72934993
11008538
77458047
22010544
15140064
25027588
60544875
71944038
97122697
84254217
83210763
13520423
54667457
50969513
12766349
71638427
23985490
47978304
94913274
80409461
13236176
34786686
87124872
51521840
27829105
79244600
44524676
29247296
93950289
85755538
89580518
44134686
77875005
67806510
82506377
67410063
44669261
58640702
69362386
59499392
20525842
45534922
38972447
58895454
45667354
32860870
85099977
97124950
13655765
56168408
72366367
19951002
64098822
84280099
56698987
10134453
10636504
41826525
34558098
78161407
59554527
64657997
52535133
40521523
57281476
18914792
32838020
54125893
30054672
62224397
49937784
79912313
78730407
30045882
25180177
84244970
95355556
50568581
61567386
26382083
84849506
25216678
32555430
10131395
50138324
53056429
86863296
90692453
95884942
55822705
88249776
44180732
69277134
54332660
21788488
61712625
89102559
39142512
18894346
94139731
14511977
95876092
96505916
22166132
33913498
82232325
40134587
21434098
62540694
28389965
53102562
44599797
48585954
32645578
59157570
38144713
19405925
28817722
33492479
40791378
37965201
53988425
46526158
60945034
87245997
97521973
41749753
34789903
25957496
56168257
36495272
20492687
11936165
85365169
43188324
73505044
27355575
80193506
96025654
13741471
82492490
70674167
76691285
17185671
59440134
28798631
10900815
41136629
31119605
91097530
24426991
70459997
86320831
73714114
38122692
53429260
23370116
14033153
47212826
95931981
16262933
83820907
73895140
87886119
56168738
24132265
91751868
43598599
43324000
13908731
40025431
40096710
78004672
41695731
80885697
54885179
74738101
28979176
83904150
38667294
53345961
39927258
69552145
28762615
14292925
81424841
44736553
10393520
81274597
87139422
85338013
30149262
53110806
98537930
70304669
21651413
97727400
81198149
93730345
69147556
94410234
61791581
34124262
66717478
67686862
78696796
28262068
52031985
63254447
12273072
80387611
93039354
91908203
49436344
98257507
63645563
86181395
21266452
53231192
30790543
72188514
43398434
89325590
68206050
90746620
52503925
74752494
39088836
58465154
27755603
84141103
31881376
13775976
35971949
56822418
54693698
12576766
75013361
87938320
53053777
39569748
65480911
87390238
23279857
59440705
51484904
12922681
76836304
70525344
76776580
83393556
48381500
90575741
56117959
19435183
11581482
72942172
27016273
76367530
54370876
45901864
90942773
89920227
68293229
14667074
80769480
97701564
11199643
74864344
27401157
23317610
96155164
32221230
25078358
53663508
44738845
48753863
65489198
45573895
90522173
39715956
39444785
90556543
84677560
89805712
37580218
80526463
70877912
28110473
54609294
81469852
80689953
31839824
41739079
27448263
39290395
65112516
95127948
67886490
88779381
82040182
67349696
66656969
31818820
65691059
95136039
69082672
99860519
86731735
83214997
79346235
94828815
47789401
13273179
15960260
68347409
60747129
38566363
15054553
79006336
78991980
57279312
87335301
49403657
55265223
35678452
53126557
57500392
26498770
89939955
24773240
59730932
39020220
77241519
82983266
17902437
45368247
84308449
50993106
23581786
37654327
10870793
10073401
19700458
87855003
37653448
65683696
55493698
38987274
16826104
43358563
26946183
69731435
74999695
72158754
62082092
63888569
36374365
80843627
56606094
62354782
43149601
62118112
46176002
38874947
43435926
47216063
86530109
80486654
12758439
92006024
79299125
46136452
97850216
51156222
94218453
22031068
67551136
20634810
70691377
18869207
86247360
60348830
27099196
40246711
89093521
49680822
45080815
31233667
52014457
58442786
86988403
57838793
62437190
47724377
79387295
58342010
45802221
64329670
42284553
28027545
54484895
93976102
90087098
47879486
62971553
66763913
33878535
37059769
93905483
55285046
11858781
25321289
44409977
11643567
10575685
54691173
95990456
40535161
57214028
19388153
38341928
72183218
10780674
25876448
55379074
42474285
16067973
45420971
51400778
69901397
42981970
13898100
32967376
11059834
20204979
32980612
25612489
66857548
68036096
22365296
28734746
24293125
79214648
41817743
80359086
51029161
26206165
49475325
40738936
80841269
34877475
72821528
81434691
20223938
71824057
12081387
38461603
98262149
21607359
50631366
57312066
30733296
94503607
76859342
14954492
35146095
70269478
18493998
62700261
64980310
11093272
81348257
26886606
56800707
65291865
97544037
91592645
57536378
17301752
13885833
67816355
55322635
41174279
64352041
68523123
44050205
68507135
89871381
72364445
11083838
67731467
61459266
19005319
88282619
18566716
61607098
20901176
37296955
74275008
78444014
54950227
62134308
47973627
45871988
43980991
81904163
87822319
22731516
61445491
74933512
85233394
75996976
22917213
70222162
43760416
79403818
58612395
50957206
71679094
86260360
87318560
55547947
68763068
23447881
21547050
42646407
16683049
34753760
88253460
99196533
60111972
89939970
74180322
14295915
38978310
20729727
74568513
65597567
99371139
76372020
27652314
66489144
18072472
53966831
98414286
51504994
44929861
51984829
22450285
32840725
48170747
38167892
98956204
77408418
38301084
55524244
84125034
85823813
15830275
27352231
18119390
63408516
51539099
18650678
37849126
13468910
77155088
70609250
52113817
82635805
86273763
79433097
39732398
80538020
25648600
71618616
86035660
32584118
25811109
34915355
30749776
78776496
87902198
34782372
57704205
77625933
60637057
58042918
84860850
46248834
25755988
81411358
41598416
26607933
98556358
34561667
68341522
43302763
14111398
37706152
40551697
31021001
15001264
49845346
41147033
46576476
78868870
59825888
82624406
84482723
40323222
79178678
50978116
10791514
43058073
86513940
94169886
67437370
62766024
80485639
58927963
80981643
91897596
26821627
93188500
76872791
41492193
92934108
14788576
90164257
14810979
35916066
93667123
78063393
17968826
92885962
70811044
15649553
20319579
92323077
17160061
94901711
11036402
30408468
56587040
88471568
16394875
44754606
80582295
61322069
86361961
57372477
88815887
74339214
76905617
88516506
54109381
63332676
94890119
75065062
53165906
75300591
51857283
40472993
84935003
77626150
46214999
61422742
73937558
33906355
45420497
21296051
75936197
30592101
41969966
53320180
59533312
57998770
20776474
91561437
34548661
35815559
59375987
27171864
39669897
55692389
14230842
21769134
50623605
33182773
49976499
12842041
84601226
35820867
28727259
65704823
47916326
88955134
16784179
38520538
16246980
38500646
10873557
56880155
44826897
37556763
55185230
98249969
28247112
84496374
87467520
35685006
29052754
32116127
15449845
45973573
83510712
64418311
86251971
49848499
99896042
17439272
12774714
26585501
33600428
24602696
82463222
49209701
51115823
60904053
22150635
39573866
34197256
40697338
17477946
79464647
88642534
21676870
65481181
78628293
96305320
73600886
43070214
49996740
71683354
48077316
38222261
33305605
52689100
71153632
13010216
87388097
80666652
83681159
81538018
72793518
11223679
90370521
85864446
37367005
69200561
49938694
58099080
32037050
13005657
29880048
71426982
39665674
24401902
80150008
99230963
13184978
79442347
36392003
29477451
68602922
34644733
89070087
64807053
17865726
74765253
28974743
89359786
43514179
93115582
38266073
94020003
30944716
77758040
79703806
54147790
15718978
96600609
64124359
99550300
22130770
34336520
60939964
88771764
21142581
66517278
58349904
43412330
12885333
99326996
38434466
59049162
56651333
15197245
39273093
37849033
13688252
14669371
25472118
80405681
70093321
52532050
71386248
76318471
17872290
29154045
70559988
61904758
61990174
89279339
56900316
65471361
98660706
15988016
16759762
91522112
70600908
85267310
89630091
73532271
37455522
52138801
18764812
97058250
60691506
83820634
69906763
91528237
34687533
76600884
39094215
37454165
43131703
50342018
80645166
30904629
24520623
42095455
19919537
91024332
80324319
34940450
75443238
76469722
61447422
36839945
49023530
77972796
10149182
98289601
41389202
65030029
10466370
86674853
70612674
19259347
68882344
26545121
84157683
28967576
94737711
50850290
46031367
65452252
98449747
79895561
90109226
26873770
25882318
21986689
80281987
72616732
86136375
92190222
15037309
63266301
40902163
32950638
62851344
80047243
78643550
33809766
60030539
19452769
20552811
51281637
74662791
28208175
71509075
16486373
45982413
94183218
27018623
88054950
65336218
23611615
35952925
24669382
28935201
27486279
33408330
12960919
33658154
15564869
13034766
29959541
94298922
93409932
42530026
79457332
83590492
87408672
93809945
31361492
49818725
36272042
59002836
51114734
31877483
17248996
63717106
60602788
88520963
40368143
63714596
16953642
50200746
56215354
82155581
74529572
58120085
74111880
93389875
51173848
66122881
96184015
78140234
28765750
42154150
52042195
26904387
97754372
69095315
98531906
65111399
86078990
52944990
92027091
96024893
47846239
66433888
34625820
89917063
78211989
84291760
55431336
51385028
58255986
90116546
20348888
63471409
74260892
44627808
58003769
90363196
49581074
55376449
30489801
91084333
42522652
77930154
37637545
10109365
31133606
66880816
97161404
16424069
92389221
56495398
38358638
43134401
51696090
28221503
16771550
96767692
87023148
54554913
30918375
79383080
65376953
39466810
74271360
34992997
92735923
89291229
51163895
60087189
21330123
83524757
62264601
75484448
87526421
92859668
41655846
77821399
37221522
84432897
21668688
55140303
17782631
44372604
22511810
59048197
83344601
30584066
24114589
52227133
11174983
11841592
68816074
93260889
30561434
30555584
71809976
62251029
35185518
59220914
57418693
54980609
21535101
76510689
34093731
25487569
90324039
99565233
32971465
90378488
60729010
37046049
20810661
74516642
60563695
46906013
78192923
94918975
15800799
83157519
59059025
61528552
34237914
99232253
38861805
68272460
72509675
51926060
38032632
43372182
64214163
81468411
36122565
31974033
80602981
94081038
71452991
68966201
18673778
97504769
54041027
53998199
61640553
32272853
43552063
70274169
15354324
22807867
33137389
74155286
69009923
32685236
10427580
83858861
29568413
13068629
71599280
47569871
19423851
21859371
53538367
27714238
55388903
28868673
90315216
59573802
79549503
61692489
89589103
52752702
28802968
31907569
12633738
95580031
43393576
58857555
84955819
74821420
20836165
49268751
89792031
15406452
63765399
62115600
16014672
43400995
76684337
67244060
79497017
15412782
40109366
60384861
39499286
39440363
45112296
67927960
97079460
70394410
23971297
40101806
12816926
60663627
78593484
57017881
89010451
89851288
13618563
50140704
62331062
87188096
80751715
82907782
76405938
80138024
92829426
27877395
63258476
65008804
60356840
62920664
31630348
20785778
55105222
44103016
59356940
86732361
61656958
81943056
32701191
74194166
11020500
96476919
87907671
91128435
96109347
16786481
48720985
70104132
33859111
25098498
19232615
30534454
39210889
11297711
88717061
12975589
93911981
68079509
99698875
63977687
98555090
96362265
30597155
23748457
66252252
56318246
97527405
73779826
12679595
94460858
58307926
92749349
71817176
78871423
89233571
83990458
49657341
15831871
72363606
22913804
85305863
24286701
92334966
86512081
66502646
47671856
21690423
72240789
83042731
67024772
73730653
73345097
29958001
45913983
24637403
10957382
63517128
35447547
76498356
26958309
28491757
85435613
84373329
62094616
66576339
84902925
12693913
27843733
37804798
52784744
33861916
53964891
89027161
42731580
82618695
27396182
95630514
97655398
64538275
40560196
81365853
88538504
13134579
55694886
37306893
27397024
38118942
26229752
26665022
66560139
13040003
61251165
87009398
95122392
66386103
37347873
91377297
73844642
90083292
82122280
54420428
33741379
79855743
17386296
15734218
80481222
65753259
83240605
37360887
69122676
18429847
84218855
26373180
35941694
67342806
82803345
38135818
58493977
49359128
11862855
54646664
29967843
54185858
53335123
89097464
49449289
70983264
79541807
63106184
48916277
52117012
47149730
63474270
24954074
40969124
48674159
44799054
63496120
39448581
19551073
24425091
30822651
53985546
35677908
71224811
59614521
65115049
25780283
99759943
41726269
26895086
82068977
90423675
46634311
20396789
44614494
18705419
72581922
90836016
74367022
31890574
57961552
73155818
23608554
58411086
40293760
34280937
54524005
87820672
51897889
47014929
73283431
31867537
89300567
41138710
36645885
44813388
38903710
56101885
22232672
25992702
65960681
60118502
76255735
26123888
11209108
67349742
82725400
69962867
50271068
50849827
90105888
65575948
15558368
61389355
56050726
54304190
18422998
63350626
53789366
56282752
67221411
19860499
95309781
53640762
97162248
66807495
28008674
83542848
34759283
68814659
44283187
89208493
91786282
74218456
52120759
44517531
23212734
78925987
54836268
32590991
61730607
52757598
33879069
65550460
13283769
59207127
10182171
64611621
25012838
76251563
24015375
42889974
48766320
14138636
69656270
12181236
44423244
44333635
87222927
59912700
46784290
81146499
85178844
21942804
54241687
46408079
59694169
77940033
62718943
35844982
11509911
10233123
35590563
42102061
86980582
92497244
16762446
98258962
52836896
44716701
52248577
88348036
89127578
97217541
39429261
57271835
33288168
10936470
92666688
89881883
13691571
38702243
32496509
85663698
44682663
14388376
91553924
78291705
84950986
74082759
59649402
32705850
97934218
52800160
56203726
52268185
70256601
76002513
33224426
88318496
10995621
45842060
67955913
30168968
21122992
59154450
99058308
31534639
52824839
87320142
17288879
31408712
36538413
79838910
62468874
39227871
25554293
75344130
67438359
30175689
97988841
41944921
33772856
59921063
71855276
83539271
22028089
24764470
90456465
63410720
48524487
97273937
40924232
40976931
38724342
60362261
61420042
41452920
62335819
90099924
42568050
60847426
46932666
71697585
36516448
74736171
35739971
55338254
56431943
43839057
97940678
52514172
38288857
42628963
28270816
55597801
96253399
19698174
29981033
61785115
29381082
55696938
85502946
85995638
39939187
86270832
63409772
30492933
35731979
16201592
43201107
20785063
52324272
18099966
17361433
59153449
63795305
75843023
72042644
54944393
11871342
81753753
24753524
64434815
46656394
93768183
85531821
55980011
31367207
87702057
86270874
10755971
25746813
64314113
97390016
67591994
42340552
92331261
20565136
72936624
62338805
72305713
14435977
66972859
67689721
48761307
74445701
12495608
88366626
13707079
53275894
43707496
65470035
65164707
31924824
16335589
79489912
37925650
84618566
78416298
62252706
61462603
26405724
96561677
39017128
33999692
24556345
46110798
41641676
72840452
31303340
55449569
55094712
21755677
41487502
98731271
29846525
33337679
24186663
40793861
14869439
38548816
75951945
67019387
20337167
28435377
38065799
62756807
60436497
63803901
46396845
26889404
68306500
40098071
43911975
37959717
82995976
98536425
25444907
34613484
82317006
44204537
24277548
68881907
90642889
40208211
80989982
36043366
51575934
32691996
57986191
46792761
34472150
78442212
38154488
42068290
45392306
66722077
68506585
65750020
53811681
37604088
90215106
12283163
18499064
46562588
57338872
34454451
71991297
14370518
35586305
89422922
58116138
99905699
30679293
70385409
83428676
24253983
44758709
68234301
54994764
79440995
23493135
24305887
70099666
69331599
23585533
76027131
94289044
99298365
17646311
36692886
80120965
31383171
55987580
94900023
33521037
83892996
49152683
48929673
64527855
49921106
64037569
17070986
99486807
46336299
29907871
66018998
81080245
99442958
69073744
30027464
11034194
52742419
60804101
61785177
17772554
91714177
22849938
60286547
65277974
13780610
15452088
46360631
18896217
76088927
37370671
53912850
66489069
52979431
46758656
31158414
22955089
97905692
25480290
74032410
98604959
23705231
46525362
38485880
89832760
69969943
50538664
79816638
81588375
91916947
70545057
72672772
50515334
80716444
22286260
98736069
15485466
37302648
13550790
94170027
41995368
99935371
84872947
78282281
67024157
58671629
98698904
76678830
86884216
71766639
49145186
75674600
92631380
91458328
45058394
87961601
98129903
16408473
85025067
34778806
89802222
17773285
10913940
26110563
76063691
94858484
92786011
26899762
38817383
67996357
37931485
71020283
56652284
92564115
77022261
29671626
14304814
24834274
52912472
43752066
72655064
83475686
51829632
28499286
45598354
54913218
36130908
83877662
75302400
94704188
35441519
95996539
88820410
77337367
73755873
48226272
42959993
15085979
45170872
69522757
94558718
83040657
11415062
46644123
51533621
48036694
71495648
97638328
84244212
57490739
25051232
55011645
30675816
52070042
17233445
41779669
95516596
64276112
77283205
75012953
13187686
23766686
35308622
36349413
87563335
61005086
34564906
18429005
13581400
82798999
56336883
11037968
59232588
23003255
23491339
46900024
91970413
77059197
89001902
26527043
15043272
70124224
83368844
22192370
27365488
75878904
26777381
32558892
41159885
54501894
89569469
37611000
18520947
54552390
39500805
82383997
19664166
40796684
16445439
18233019
96657853
54656370
31719818
14220460
53562514
10103791
89029583
27366859
33073034
43632438
96750167
63889532
48789321
57865896
30640053
94260777
57665158
93063890
64115065
64040947
17497165
83891719
41216068
16142312
71387492
32251616
61126559
85289011
15372487
88224124
35908609
25536269
79094890
33654411
10092242
51343973
63740836
81870326
84011128
64503144
43891216
57360685
73831578
46303270
97380473
14920005
70793272
58077977
47676073
95701487
64685354
21410049
84379622
75671281
40666977
27444602
49213645
47308775
48131122
68271159
78103725
81439935
14127621
70665541
18015375
70282681
74311846
89946429
81078104
32635006
25113970
40337731
73397151
43851191
21253769
92334601
64642498
35187853
21730293
30808025
77147452
92576537
86391829
68756793
69285705
63187111
45707866
80568216
98808341
93555646
51639454
40696007
11595110
32591346
94857099
62914809
83321775
94469183
13424542
73733214
58220032
76660222
79907532
34849267
59988959
29736213
24575212
34538280
30133303
42186266
22287309
55123839
94325246
32765028
15700787
96889447
26105433
83939392
15279116
67815225
68701218
41847454
71985753
64508047
81371031
29296622
52023193
46149745
62792403
33434236
21343142
63570538
67346049
54924241
78697767
39914742
72945199
72189518
61019227
72082269
71971326
16623881
39925412
83828903
36177174
20021007
51259390
89881343
70217934
55940582
93100174
12045437
57460871
50349496
70748160
58211326
65411460
91243020
86908293
96281548
70340512
19670907
28903724
88609288
97768402
12865480
51937230
37281237
19262734
40210764
90744481
50054487
26700558
66650891
72392038
77910386
63639673
72048879
44831565
52590853
65646922
32605952
31504672
17026746
75670380
54793667
42265110
18890409
69004850
24170730
34130371
14892183
88804907
77435402
19720079
89456409
14108796
33097223
56190633
69028392
19014885
58324557
23411714
36411172
97573405
32393460
19714041
42693402
95848338
68469845
10520858
91637992
74358548
60196328
69518021
70004091
55728089
66239910
63435541
36786347
36751851
10701579
76854012
90313297
43143434
20111921
34615796
74991905
84002924
78605533
94595203
99188046
29390588
39480228
76543774
49908246
24672920
95971367
84692430
62099792
85804082
62740716
36008244
26585919
41324976
90773635
18500415
43807928
73197942
51244170
74530958
14044915
88195664
75654609
21454582
10034726
49355766
39656410
61003782
19374130
74024250
49302780
74624711
57772962
78780783
68416997
17525417
51589196
56945622
59115289
34186372
75540539
12156703
74277684
22344994
68457799
48417300
99292784
72967176
42589158
71434321
58107217
55701350
98952923
99318317
34141352
71468762
65661661
23668726
33654366
76659609
56442130
38260953
72161898
88987088
76363068
85685474
19743876
84117838
51292459
53742349
33790735
24250145
61474071
22608032
93291408
34762107
39418094
43425754
82850219
30169774
82039191
80318653
31053464
95472393
25120531
84062463
40764014
73775075
35115304
96248533
95800167
26324459
63796290
34688108
20050575
40047921
31983056
62411640
37460631
49728589
88563637
24608456
79611705
33014681
35576214
42197256
65669525
97140055
97792482
71325696
73915643
76938766
77071314
90117963
49333890
96304608
26723113
28062578
52951289
77060643
29659185
79451782
71055719
74758572
84730277
21441193
66662882
62744678
19714669
43327452
33654587
84706447
55363214
47954523
65981102
48839623
11095182
13460609
60056309
45379963
75843086
97196343
17097458
50533992
36274097
53684618
84573970
17760321
64076421
80642584
41170492
60145884
78898121
15289842
41223889
65177150
22170095
65669194
47191797
64591142
50040440
43931880
95872010
52039294
74197834
42147847
51535050
70927166
58513420
80604348
99070233
99354697
76262457
33385496
39260124
67358970
44853613
20794696
19346651
61919447
53338010
56340153
70926386
50864848
52370466
95234678
77046057
71585713
53982349
20059415
53572091
81177553
90825772
70032763
20457236
46058078
20911040
91541320
13360789
75098863
82150748
77414738
57885839
41092520
73564146
37040092
94105390
69772416
78620906
76498176
66645106
25764648
84414553
51189779
57338154
40721509
82451538
25068960
45332902
75138627
48690204
49985551
79994235
60569009
47390946
70070776
24460706
87860253
39478422
73840209
69107621
82853957
54130943
67928370
68462285
57699771
86831944
65767216
95587183
66953595
61872505
31063845
18429189
29188049
59691336
36402340
76450457
33091589
30774175
69791440
73187780
81425499
55222139
55088030
74355115
61680576
62836944
32011194
27560793
18947558
71477008
38390899
16870143
30579748
86602310
67509718
65785006
99529757
41397554
25510537
79876436
36903647
68496224
68894909
16009090
34844354
52571805
27813256
14298077
79083568
37462653
53619903
23066138
67684273
21662660
19583529
67535564
60758764
50880897
10848673
88635776
90603140
49865680
52105592
34186344
36962168
86652140
95265134
72947538
40197918
25700384
12530646
27686664
31668087
71551770
60321977
95445792
73263674
46178355
27941089
47431120
44876748
22825349
49041709
96286521
97276517
20606826
78483990
42316412
11532621
72390015
30266987
15584295
45334214
81106998
98394583
35413876
61427042
99043433
55377539
35848874
13405318
23087123
22714757
31729583
55835722
97400079
82047409
35015994
58883320
74710090
99080120
27290589
29511289
31514540
53497635
66117587
56402646
71015196
83348371
43161876
29545466
42832714
70397919
81592604
89827554
11796996
90082732
79407996
64342824
77604692
10769206
72911651
30192112
64182909
74180503
76110287
69480386
27124891
73354202
39196954
42256595
90611732
87013859
28576999
55151015
52356986
53375764
27396524
36124820
32616612
19602511
52044709
86444246
65916408
59316788
49157084
45318166
37520967
12494927
85326790
66027873
59337303
79987128
15137026
12379386
82693948
25877338
55971984
83137764
50390666
83140732
48435596
22595868
24671681
62715272
49167988
94651691
54776467
38421302
28470530
69372963
38914656
49203843
46645494
35341257
98042832
81746988
15981843
56983352
40828728
69445337
33346701
19134128
82689129
69952333
99203749
82592492
13860745
87808689
93971670
91460268
56963115
97535486
95706474
12187016
53733997
47603316
61496986
71761627
85155752
30121781
57754882
90672009
40853298
44016613
48842525
90767538
18927068
31672921
94097453
81735626
55802883
36398612
83876269
31710291
95905268
88892056
12829536
39715649
79290055
26504947
61695871
52022663
58032828
58192884
96259890
10954162
13668875
85094109
89798360
78906519
34737001
69564088
26906863
70780317
63784171
92570166
69594993
17727451
77654283
38349254
67456520
38566002
85892518
96944382
55118285
18855559
98196911
84268108
75045176
57821085
34712388
70441956
95436827
39944606
83046652
38480735
54074334
39088045
95670281
58028688
30236141
57229123
73866823
83500205
64301369
50689494
47058421
28620318
23600792
55382590
89641219
13240666
56873181
97718143
11565159
11457705
49018077
42229386
58913090
21167474
86943874
65370615
84022571
95787400
84550022
75338586
16697325
30224614
92154155
33445711
41774338
77267368
29383581
13604067
46284088
60706283
84400056
29972101
55615956
33924359
62469812
47670995
23480083
38468492
59714633
75757828
46500581
93253715
45487641
56631571
13648828
77213333
78026549
49962357
61603176
32695130
21740477
60365623
84092667
95744924
21596135
58616895
23480151
86237379
41739063
60159985
37133793
23788401
70508764
77189750
86832604
55344484
73096095
29115051
99032214
92352899
35335589
35847242
48810532
17197350
95710189
79947977
63885768
26409650
21980650
37583081
57779287
76814453
47970138
11359700
26257621
34031875
85342780
56405991
76433987
24076881
96398947
34426148
63696267
27459707
86874428
33838375
63724103
36059128
60896782
82298991
35762637
93443575
64247154
48553931
28324065
32469118
35384539
61182138
28982771
47431700
71013120
85249645
91503121
70015493
98181344
52755712
69871592
36661631
10890471
86181902
92376222
22169320
69355667
22811385
42851218
98083388
82497095
44100027
57338350
74165899
31729208
68668054
39861223
95147960
80319022
72134673
39557918
93224531
11874109
10519708
58913952
61299625
61951416
67775824
25577518
35073778
42159302
28684574
72337721
32628245
64258632
79536102
51022143
44426375
67693096
84954922
93532417
19768558
95485331
46779088
86644867
16288492
59447238
48004236
38518344
86754102
92183064
87706219
45781424
50313436
42694698
38343649
27502876
34712382
22415798
59391851
40354413
29529662
96973040
31827820
55333331
58677256
70478027
53521826
80696253
99842669
66892997
91882203
35476118
48648011
33291483
16116117
56023853
69219959
40847329
26291735
76453586
26242503
55137327
87911711
63615722
62660036
70389075
99124998
12910618
24689096
12586911
18931698
47713266
71320605
64190798
87361468
27971702
93670601
14131882
98632003
36418787
76795781
66557577
73989155
66283897
23952765
49834331
70514790
55986285
97353196
87097777
54630042
81130238
56388147
86541177
12042675
52194305
74404428
74565193
99643505
11097783
89876617
17189684
44640481
99422648
44767137
36240937
20213986
73111040
72307103
48609189
99784037
36239085
35278725
58503161
40269811
49229879
87154577
52087384
99329421
12761381
88644863
41871991
60893825
75738512
92232991
57076112
57369350
12489250
60404917
85348426
43663316
22534099
15349918
18033014
88717082
60944927
96609071
19534314
59718155
98619280
59796185
19981302
63889248
23518035
78089315
97068223
46657054
20309370
89120876
53553028
90344444
24893640
61750214
32523881
52352883
15339914
52813337
98090868
71516514
24864611
68546765
23962220
66873125
25297286
79651201
62422253
19108131
76830590
89176683
15073895
91163317
70024601
58479369
69378937
75439265
13830635
51404408
24379403
18825398
46865407
84861729
79070520
91226849
95576518
61807532
59251903
63330221
21771427
19973943
40483396
99382116
19455453
27626015
49075735
55283877
94909564
37063521
22878243
77946641
40013362
39321508
69958995
72111448
56655517
23470299
94768312
27319221
86856959
57705408
41628001
63754924
98517524
82173740
95518577
33141133
51148304
70273334
26242292
55665219
79533442
38659069
27825719
74111891
12229063
12352320
26919301
85485012
19514709
36476909
23444353
74650351
63635704
93035935
38800022
12836298
97474235
82467076
18677226
29978429
58762967
25422175
63095025
77809540
37602098
21247155
58216553
16120263
79766381
55541226
91499616
34681804
71976574
34641556
82618964
68803323
93227752
83408470
16711207
28028333
10406257
69723756
25237343
52497205
15266265
68168553
96477596
48326277
77721484
19843602
99221783
42734050
60651137
90186853
35550728
29952299
28870630
85837494
39174977
45682822
27336742
78994312
29280845
68738451
23014128
44189968
88298132
26686231
83246107
87063048
89640248
19739696
96661930
82386284
11390072
56918194
30351552
77381202
60749398
16416622
27741256
17610875
70002172
63203521
55702432
59822217
88712867
13004411
29790495
96702560
46617800
38851405
96641408
13348550
82008503
69405178
62489250
82068607
12452137
12515730
58314029
59165247
24883111
82824668
78769941
47703505
68132003
49803418
41508162
86384918
65311691
91067973
69669358
23708197
58861086
48393292
98076898
37594625
16852917
73791256
68489764
31023673
74209214
70198794
16172098
70953154
36544257
67032184
40407441
91265706
27918891
29072186
10872005
80256712
74443031
60036794
82811934
76123891
72928871
80365451
39400842
20133797
51251461
86983013
92245891
75307182
86338721
91223105
62090433
16544024
16012141
15090613
67239919
39585732
36995916
58240477
96575062
90948524
95894162
79795633
88333407
54453037
58215348
58030909
73208329
82615945
83016520
20261246
85613319
97434869
22562961
14631905
56594799
83201129
50466932
59053108
45849836
16259033
50532850
85389584
66084374
28903736
50456021
10299934
35379668
69343758
34202906
94041010
67100925
94152378
97000688
38042924
73858277
74656980
88846770
17676071
99015567
96130157
48519230
15392589
26676610
61495095
37323791
95698374
40096657
12249431
97267793
96658304
72152296
61874894
76549010
98631350
87639717
77292194
46190965
75182339
44974908
37757883
38148645
19698973
61223090
63761443
73151263
13213862
38137388
13824082
42034478
65901497
70791286
23002122
73767296
20594769
34156571
10088997
60717650
56135372
69262242
10777283
19937741
41022822
15185061
55208282
14981568
64891608
88429915
39175969
15497941
53554789
81887850
39249574
61295771
52316944
49606930
84930580
78864503
31321799
87078970
57731991
92090354
41062906
63620431
64921968
49050466
98397230
80101201
40040314
23482421
62040153
37649746
83197504
60237489
94229528
36843940
62052653
29762412
82156323
82969030
66259809
17664026
62943869
84566040
93891856
39403940
85612853
17107162
72316325
74457644
74970112
67756447
89484480
99417806
28396215
12521886
41735419
86230792
89277243
50031732
48319388
48642375
93473151
70019398
79578648
14216244
97241334
96823579
42187072
51724410
16217864
48443365
76792028
61009891
62125338
61808372
88406691
51187300
94585096
99659497
92499326
49281458
48017952
45795031
51297541
65282303
19696335
16595321
74273144
19761486
77426937
73432609
61974470
21149511
12165816
25022719
72726800
20914590
16144951
69241845
68755081
41399161
92707548
27172779
64268718
11441006
37630790
37215012
68092575
41935150
80167152
40998519
73022429
36452727
64026191
10814122
82718117
41056113
13371493
98458317
20911481
42147199
23632450
70764556
36835079
51514805
81602030
48794999
15269919
55697365
72189938
94915168
16426656
21162028
82993995
48281341
56596549
15830116
48898195
22301901
73376236
45308468
12045584
61846485
94224609
47906490
28525199
44983752
97789211
97434317
34291431
95005926
45214744
77543082
37929844
97899032
44231781
69575851
79287417
48712912
41662773
38142144
96559946
85909687
76500036
96031574
60681079
79092563
53536099
10637387
35339451
19652334
45546588
68588999
69495730
43517250
47936603
34632265
53334025
40715712
52733687
54558066
39380230
74586291
66712735
83889740
12372615
75412455
51969614
87906889
21628987
69098639
85940527
77302501
65509220
12837436
53802040
61020440
58486959
47827267
39276351
61975028
62358154
32555767
98414457
41291294
92358765
25399115
21807379
84272066
49945696
17197438
77564524
28690627
24597432
67651648
33653790
56266175
23288154
92821943
95071003
22368309
69656606
56162320
13653984
37186223
15915653
25343721
31245535
45474634
75539306
43996734
66963530
68136834
59347029
65563019
20023169
84702750
70259153
37013458
31424580
61705149
28552139
18897206
87491136
74101104
36197985
65989562
61833474
62862508
36908536
19074517
67889853
22168882
63983240
22604932
96410552
30748796
88616955
11860716
80067240
95127900
33387248
10352295
25476447
63736139
72115149
62692519
15693893
50649271
28769951
31465913
95034762
27860634
50347979
81092768
82634776
78365051
55174167
12762318
23106933
97110971
95521591
33242406
62398127
21374720
75245746
92966318
47542889
58370550
65944546
35836502
12323135
48167451
12025022
12348003
80494786
31080394
61657601
55910967
13792687
45850815
32858081
78272158
71811804
97489232
63505649
83740403
63076320
35691216
12371502
28554156
46878654
86601591
81453044
21813244
31294294
32586142
16328202
74827766
35802140
87554246
10060483
21713631
66533993
17460204
22233358
26662803
64241659
40049959
35503586
51504944
20599753
96457166
23953834
17264830
48102048
95772580
21842016
25610223
11616485
20296503
97453785
34186931
55448195
84905364
56802878
28105927
18899634
71863747
90834552
48934137
75721761
99711408
30102768
60079269
38794290
26875988
78064699
41367334
61910046
47124990
27334529
62003749
55028633
32091502
14564331
40335388
83143883
89222251
25493981
63624864
41314855
19404884
55257366
54651180
16411973
60451207
78327107
69238581
77981734
75648393
77666406
68509563
34317367
41336202
54947834
76441369
86616999
57630867
63995733
35709554
57547752
91113502
83482465
13257597
17766480
65978728
74666755
78061343
96390968
81648529
19454231
89973115
75869415
40790543
35142627
90503481
84903397
46813280
86753291
39997964
77966326
66948576
57414926
58155784
78631235
52999582
37199266
13371067
12921664
22347809
10919331
43694858
27530951
87271496
92237562
40314527
22488372
89737981
25726794
35934540
98961614
90865391
17543720
56189802
11941411
71598678
89850382
81103342
51541256
98585985
55075639
79643701
24477408
13360399
28258765
15529726
17238750
34830080
67710606
65632906
84711654
16616892
18086345
73280437
45131435
80932237
76473998
22258258
27210450
13656201
25584938
44926388
89795562
24075184
85766973
20032412
55312936
43124190
76668245
45532612
48448309
74201483
42840955
77365531
37936415
30441903
52498462
75722913
66206936
20614776
52031753
13750537
23994360
83715263
33469442
42183359
83855559
52290478
56499538
43211472
36643708
56117996
65625694
42652508
26967203
90156424
91376720
48368499
66247744
70723458
15174806
33683521
68811770
53963559
15128704
94121347
81744749
62222849
65743404
45329729
53253397
69054038
38215255
79670093
12894436
55768672
34713615
20629686
91094061
41776789
77007571
56788092
44557816
37878456
45312185
63696164
96324650
63707066
64128544
78944178
20924613
59812291
55867266
18369328
33193937
20168708
75627401
40953392
36486041
84591759
38674755
40924765
76301862
97311281
23475562
36455503
41879504
73827323
49781242
45205928
87529924
49114875
57393106
70199411
76475382
67485004
61586349
39502689
18360361
86474690
39853774
98575630
10358481
26447448
17237394
16502656
23713419
87875317
20353767
58386295
55828343
72505279
10062166
29032868
86967691
67670032
26952155
77332076
13008372
84682691
66307797
19674772
99911439
47007231
14597086
48688992
57614919
43111808
38662439
42388744
76760801
82891331
44891464
84484002
28967514
23267984
56893774
19286545
16935848
24392793
94041237
82877658
18744261
66765860
74768177
89327398
35281884
52147832
93379114
21192618
89070794
13304442
81160729
26826383
47504244
33765543
95645699
30986931
51693155
85280826
84424980
32489048
98058814
62102385
37874401
59579606
24123066
58991751
27337759
63577630
45164248
81807096
25132805
27158520
87228713
79348718
54835869
19084465
80487939
41711679
94495448
29850580
43029762
34011013
24528368
54514458
46950251
79386241
10075007
81103331
25655400
78557393
66017437
78283662
54434158
31600676
53543745
75685742
35896197
15617732
65727918
24046794
19550526
52579566
41526008
57696694
77406477
43111446
27725312
33365595
72728748
11392832
49582161
74085596
66003161
69680419
20511180
45484972
56602066
61335640
84358440
28007766
95783817
62612176
86999223
59279007
91850662
87956433
71913894
47362401
80835823
60433467
35317341
76722233
57055648
38335559
73937254
39993660
40399813
74295627
23682617
26064988
29638912
30205175
89534341
90278662
42613099
23992487
10605878
54779943
93413434
82257192
17068920
72831876
48015580
85544770
49865553
87426686
93866175
87163623
14915667
18668849
62696835
92078836
13537989
75053798
95984554
17279906
29051944
62581614
92126655
25183200
90201561
73729107
17171291
73868768
60939584
28864858
79981244
23794180
85789970
89127988
10673735
59744642
75037332
44913661
16746290
35871234
61519204
98091746
70651671
18957720
85682494
99575993
28002538
62367390
30597273
70262140
19423432
55939228
56977493
19312859
14996452
46469851
34585632
50347215
44479482
17635092
87541983
27641642
72535799
74063269
27101301
74836498
16869813
22818089
51767835
39891737
95037119
99826179
55242789
77412788
31159179
39574026
69180557
28990510
54592184
23626716
21837401
64850811
85264787
14884657
37184291
62340239
61825634
41151497
59550820
24643702
97490772
72178233
19233781
14474690
97358770
27333586
28146626
75890270
68648059
53605956
65183346
55293611
88217246
85279981
75932799
57950197
68066401
76896741
66963982
46606139
54767849
76045260
20352424
63702056
73502808
57639820
78570732
93595746
24753994
16934364
54912733
40828294
78086166
75679254
61169453
56723726
15204941
93593666
98457098
14961601
94997715
26305430
37445056
87557056
18807231
26885346
87389014
34429497
27896194
67012320
85484469
49086659
54836134
20156610
41131483
10591477
50528535
78633087
74256643
85025824
15135273
12679919
40577470
50561670
95254642
14366014
92820268
48420658
57103775
16238384
79754420
97063532
41355046
84279094
58863472
51629999
45821883
68836554
27135001
12573704
26033245
76243228
69946084
17398955
79526443
16411314
62654397
14538674
54630214
11631654
99207278
41497980
80288144
52459490
72345633
29922758
30568573
58055126
40082623
59795740
96708701
42526406
15243650
70225536
47697353
27824885
66147492
87159570
40527908
15011171
35582593
92488911
45179147
22883736
42504412
25950425
77462359
98322011
18001112
16928215
57904387
21354150
72831516
43024707
17797231
70250836
16708901
49616932
24155187
44596392
15565859
70238286
46552833
29541219
97116537
78019475
74953002
27248409
23264990
49661502
58142413
11993248
62871886
77127401
11711390
94126244
92745622
67033792
16079044
78460568
61540662
46547717
71079060
10281877
72603652
41457260
16939683
92760045
70169388
60426693
59230204
53077855
48104159
76643785
79355370
22138104
35631353
92854401
86300310
18543583
70094723
62800500
29024372
41020864
72494319
40779122
68364992
75432847
92959335
38119827
57184646
69165673
42662429
27567412
65313855
92111370
97460212
54625788
66636931
50140686
17000863
42053339
63802797
45196144
25826426
47031644
12504889
46571990
68692114
31399155
56866535
92958728
66647061
57546323
60427959
17669713
88713907
35114891
12017751
72110255
43193894
39225484
56170404
18885084
50901453
21119371
31882430
58051537
63152452
37977178
63756482
67165898
10427728
54536870
87548968
59114410
87721759
99726928
54665985
14379722
62458257
62788689
51280429
33310799
15963439
47667366
13028480
18138550
90132107
86386875
83808973
55208991
63915596
35253747
45472206
55009860
39770931
96510977
20737943
67109557
92308222
59849144
70359464
30561965
28962545
90518522
74401390
44743067
15872549
33125236
24199048
64196272
73540802
61520803
24258276
52169025
56008445
62067591
45381670
97397807
59208351
68847900
31823623
58313352
42540263
60794901
16574997
75129565
96372377
80359625
14546238
11443275
22584881
59145949
27093411
64226205
78637077
81867298
26123962
42524237
36957556
88159138
61799948
51224548
39192182
43999962
11036234
75862511
82421618
27878320
94069091
61200353
87780628
92495826
22406555
81172633
82845134
49214106
53188878
90131690
50548802
70979156
64892800
25806036
48650652
59132016
55129831
95982510
91800857
51749065
28393769
84363326
85649926
55380491
43804799
51064878
90864557
33584435
24514698
25063110
50354442
51488322
71792466
49266694
68695384
33579804
94470512
72125889
56685351
87890449
41369110
61840335
65539646
82300695
52918536
57411772
35588038
37258726
69149751
55361512
39106014
29227904
18054027
59809150
21012320
14970484
12364112
21193324
49392210
30666347
10369610
83447463
74695215
73205418
71434755
18638368
18749991
32820203
87678308
37345325
53815940
29646295
65512131
50140482
82511041
70488924
90864893
88928910
67483088
73951433
94333701
24694446
78304350
85474207
38500326
88418117
65572138
85204551
19855483
10256660
74647906
62273911
43259516
52752320
16092767
37923910
73343698
89138278
33774551
63703515
51712812
32378734
81118106
24241223
53338791
35468223
52576498
22848572
55286206
29545893
95364154
82749758
96632599
65708004
32709260
74770171
99279252
35527887
42777023
41779946
49054386
64678290
67501064
33352771
96177582
76085349
33351261
20834195
38925919
49969316
96421475
16331019
65654891
55571592
27207160
34654448
16831070
64425881
30932910
32134089
54757812
74204746
22310450
63781822
64948829
44464494
26952638
32870214
30986190
17338230
43638446
94378061
49848403
60796183
47762188
56785604
93971393
75914825
68989090
30694133
64192941
24782142
16942069
69477165
48842179
85642216
63901354
29130917
82118937
28766141
38578107
53959007
14102709
48726756
54293161
50913630
98021089
62255925
74317545
22567753
17266341
52091631
89463872
61588649
54486878
99071578
69538534
71180573
94164403
11806129
37416200
29341829
58804729
96421277
72702495
27838582
35174733
77389380
40285624
80307373
52214502
82331572
92415748
82437409
48690899
32034413
17037868
11904554
56216003
83334004
21385435
82926047
85027283
51252611
87418587
67725760
24959483
34207860
30557271
10987044
24029753
42805415
96868817
22676249
10134463
58410888
13051771
29212368
64723409
52612514
78551217
76037991
12967115
82158521
51060176
85800601
94090228
27383326
37919709
30948240
47474617
28007632
21563559
42091104
62112738
35974838
69634862
81726664
24195572
64591430
39581055
98807911
64188715
40074373
29010115
19362572
78007169
27720842
48296466
98050549
40370866
96654054
24333841
94357315
66555230
29319302
78001257
36843728
88771146
36672500
57726870
89993818
34045976
24904098
36465783
79334203
26985291
12296797
51645962
21069097
12322813
62537428
20044690
67141898
90975990
72254787
25515244
35179825
95605921
83150336
69654808
10611361
99204822
23718932
37617439
32329652
92319291
59340486
71222421
15769347
57813846
66217461
95673307
69479662
20402657
83752176
45871814
79639293
10391425
13532227
21561349
30010473
74532978
22206961
71715626
65099997
48221326
59618347
76612160
54468731
47007075
70437158
84080378
62348740
55796227
30960261
29440861
26735955
17204622
18982007
50987752
53849577
34610250
34203932
45546049
95229172
83531912
47534560
85469579
47991374
50656930
24677038
43694622
71409179
93115551
65212499
90654378
86454481
55965535
13942234
18087777
11713360
60994239
79585946
18149572
93225332
24815505
47713056
90863601
91743124
70736147
49219058
45232955
14408785
57886694
83346241
20932201
11021416
69173743
12139894
79000882
54505161
34018976
59254219
61834616
38794481
90240629
23365279
74390841
65253752
87923693
49309734
16337765
17078411
89569269
92723672
98484174
48364092
88201329
52967523
70208049
74831968
66101059
20036612
11661824
88514344
27039909
31751060
64102971
96143660
46564027
37416405
18447947
15015081
96871278
88094038
35932357
44209025
92893330
48575193
99858389
80181522
69155964
18662787
61377790
39402602
85413839
88093497
26212886
76760137
52542262
54140312
81086271
32606527
14336240
24586460
62445840
32340956
69369489
92691307
14462494
71821863
39420619
66944103
22571187
28610207
74985612
11044876
17426490
17749834
40251886
96618325
47930509
74734357
30072328
17931551
91714824
48506392
92297016
43867297
17730693
87473855
49008817
69279964
32026814
24415315
55859877
37541771
64344066
98353633
60064407
29102301
19347894
78008748
35213996
98631716
30587666
16289763
19222004
69583318
31023618
31299423
11007298
11210378
22159920
70441635
23796939
59220674
53689160
60861349
81536959
53652761
48370058
81772006
65961218
82894346
51975255
26652160
67754766
65357544
73866418
31488578
69167747
12688687
63716936
49781695
65539826
48020211
81479966
47255605
96596934
84864844
55998451
92478466
55691468
79787242
11829929
63999620
98032727
92532516
13489397
54983482
82090860
77590750
90089387
19718876
55078906
88666936
13549586
63420889
49154833
64271292
62486451
48558943
81895634
60521172
70438117
47401407
44127702
56409405
10111526
93443939
17507670
53231763
37043812
21185091
36815300
89052895
90221478
95100621
59785674
40390358
37945282
69234431
81471880
55453468
26518793
99016352
62040331
69428962
17410910
58870624
41262959
37784383
62511804
63789225
68298525
73253089
46372120
54687621
97819749
64617415
60006999
47246391
82518703
18801550
77274726
30940786
18769198
47592842
47693430
29267732
85024493
96014445
91014296
34860075
18739185
43115278
82324876
11879571
18411944
87105767
53977590
20185538
68744477
18671568
42740418
23411925
37020131
11922132
74384235
66346075
66241313
93645244
22683419
53829058
62324968
78204724
78590998
82170077
14529926
60932478
68485752
68482241
40861530
10494295
12525514
33023200
25384614
36615747
51056796
16758019
79052297
76753427
51838059
22161049
17755761
28801832
72377052
91971454
76766427
96045457
24632300
43952547
39549620
99657101
65497324
90501287
95102514
12489174
44722912
34008517
93534203
40423511
43356943
20190418
72946806
96577628
98028403
85800608
40368084
23156461
30611129
47649441
25991894
22009211
85851724
36988831
91520750
73303357
50034618
44310750
82893637
88415701
33617125
95417231
55407187
60775574
69822898
41567099
68243695
10611131
88087876
97467904
93122213
55015329
19621251
66034580
14371990
53604717
11684328
32537922
44223509
27323823
29891780
58870237
33293642
30435160
96529156
68899741
95981695
56539963
90121990
23803894
65676594
26309249
42004064
47499379
56533989
80517305
83649162
47791243
50655949
13228068
37611853
31959900
47247299
40471800
98997297
51221639
36128760
65652673
40994864
30743644
30577825
60519614
73991713
31258589
61367487
11097239
48001132
77795937
68387900
13774084
98725125
74399230
67081978
11727626
32110402
15820502
51430435
13460482
16119311
27501633
23905092
77254027
89648665
10920599
75435113
50299597
86623098
84562245
19480358
72957792
13201331
92348319
55520055
61643189
30816879
72491985
24072861
48128410
53547202
42471027
95084938
20469630
96664340
68059823
13504463
96802678
29160054
72790346
74517267
87674952
13116269
60893323
57751511
51306763
96816423
82505004
61687102
71989598
95112117
45523256
33235732
94806697
70580480
77370035
55078690
93578352
29144620
41876002
76439324
85263073
50835351
13706284
49026075
78505374
70990448
87383561
61325646
65808324
52031680
31948470
36633493
29189896
12332893
71912422
53876877
71115262
78306860
51532331
52767371
13889462
76078711
86084102
18062278
22844164
92110798
55926296
56234747
43033171
34676062
74058490
72822592
93165860
57706764
50324442
77219104
51000728
69611892
25953334
76972664
24621427
31987996
71504254
88167520
42020463
57253700
62958560
72341456
64631327
49283349
11049032
72973716
93079192
52006961
84531828
97160185
81822426
42339219
31222516
74403876
84593047
21536005
75918359
33164150
82164701
95403093
75998936
87042052
77032076
34400501
64239872
54738767
61719453
50630093
66836081
69382964
20396696
26142804
35591516
56546869
70625897
69367830
32710834
62753778
48349621
15947998
76627810
22624563
60314720
21924433
62407767
62599088
11445728
82274691
86462850
13704332
83354697
22141904
42191637
90744954
47618891
95334463
67893565
26346413
64017968
76415104
36095086
92713399
14571986
16029492
63058076
36744933
89848002
39428070
19465311
48550681
68402274
50307874
90826949
77855409
96023249
22448737
64779453
67577615
57125933
26930245
28568075
92956289
78502564
53378261
22861150
73439803
79857741
19356195
18959639
31634884
18302816
24305722
31876668
75137863
49555309
78832264
78285626
79888832
54100523
85300693
64142011
94638344
47278126
54183362
99675485
72719487
68406866
79350874
75034955
33735505
58917563
59626476
32749098
99477787
17070984
39499653
19362671
46418275
38112860
10113652
63155813
88041795
17975857
74668438
21390452
99480864
26206705
50615746
69621535
99823229
47758226
80970158
38252610
99765162
37767986
77483133
71481739
12677347
91206480
63760982
68625504
80230576
33849587
41630412
87465243
17052844
11203893
98899804
28661600
95058332
41779578
81948446
72278174
42086840
99316575
67677775
91244667
82606833
26385250
54524443
27367709
28649791
58341684
92228239
49765509
48898029
84293780
16463731
92668090
59622453
77239366
35798052
84910573
39072689
19419077
34698888
29906551
51850502
20079444
43891929
23681622
22503879
19550183
86517462
81518924
46646657
91258229
50260918
68003958
31674206
83449118
53920533
40149880
75828859
27987539
53560768
75065551
40773469
30905863
73624202
49115575
89199294
32019603
63017754
42027635
75544863
77888241
34944343
34246825
81232958
96117543
53473585
62778634
26892288
94308613
51510782
45759096
49141578
59361936
75297411
25525718
32709624
20916328
58047169
66226609
78850239
56610730
69986162
36270004
26142608
97377846
75464434
34436210
65387376
67988023
46738992
59653966
27488636
93383574
29922057
10009636
87415360
94138494
61059003
83408204
41466015
34686665
34216337
48537123
49700602
73020249
36950959
33567971
19961153
57277050
98311847
83468005
46750293
14657477
58578092
48165603
65063630
23728741
27298571
59179387
70710793
42542160
50550310
22123460
63378661
49159335
12407372
79358046
31519013
33240946
77907983
10830622
13865806
57409434
79799341
35549145
22875147
62578346
65378554
91786344
44740679
71012060
76750194
37043425
38278009
26915923
98548151
50610111
56679402
90534295
85419181
24250356
67689868
17144437
38838675
49942295
62826821
50023881
74897597
38444196
49249104
74541643
30133541
36551707
43342445
14591895
97855972
24253916
46847009
51338321
18592829
89917618
64241319
21708091
73594247
46851279
40187493
36889065
25498475
39045457
93151895
96332758
27676105
49895071
81783172
67197557
80840846
37034365
90071682
19907590
34103624
13835843
30594845
98961171
68443146
15877095
21476149
11216468
19196762
18021195
48203977
47181090
28781593
73667717
82807197
75697650
99058773
12916345
80531542
93756507
65761638
92373374
14040905
51525286
55774075
82452929
71508239
12808251
53500539
26113578
91075090
69293916
33883431
21294082
51570121
34041338
59318811
65434732
74365219
49534164
32922854
12045233
63348770
70169639
13719334
18417431
28460782
22903872
80920838
52821181
70624992
20516162
13223141
89719642
51289464
55277323
79884173
68186399
74128454
46931574
58341384
33822413
85181594
34014390
82905156
81813013
89019619
72644412
40243824
66118589
47490986
98587917
47613965
71009311
91751746
57588224
46399760
31754541
73621592
78483570
24369533
36016945
90772470
20221402
28229639
41264614
20421915
89737100
46608932
67139721
73912468
70776632
28335134
36636945
24455889
77116728
13955710
38924633
88132317
25671717
75571379
15846174
93842999
82322580
63298158
43008712
74278029
25498480
17045281
43737757
35738380
89004954
43437867
68511935
91949379
86881737
87774247
79056366
49515323
24270506
75916390
97764395
74113409
91448997
41939370
56644266
33913686
97545222
43038206
13153124
34255014
88653480
86870642
97619283
82640370
33473048
90293723
41792751
67653980
33097404
77897243
58755300
35847283
68275640
74707255
20419385
93966715
39402235
55227109
57953382
25563565
51598858
95888173
15423413
42780064
91172204
45754253
55715896
37056058
74761755
30666764
73280288
89835530
72986969
35086798
70316253
90721615
58187992
60032872
17132870
96230067
89675292
68495564
20516730
41616456
99077583
61286995
65510269
12221915
74571373
97423522
33608008
71607351
54771987
38824906
15296983
19113714
63099090
63408990
37951018
64938873
54517567
47907655
77332892
74839891
64362683
31733102
72921127
98431653
11577606
82299119
10485657
50773493
34393200
25240379
48621348
14146897
19375196
66833940
16537676
88080466
68866969
61686251
51441517
55130006
94348772
92500474
18918107
65888704
49547108
16679822
76951111
80955454
44740174
41974068
97001647
90085028
85310057
18051432
64968449
55046438
57260107
52503056
41830105
52016123
68951674
54993782
81503769
84534304
13626495
47152982
97099658
79612397
18086584
36559419
12023940
70195960
58977167
76901792
95221204
47401422
48602461
41266708
51821594
44693737
58444614
99161673
55322241
88172870
85605522
36403073
44746961
29871662
48566996
92683649
68126048
96410569
28544340
44454130
93612446
53627796
43613970
31529345
25412200
22147301
89837742
22415851
46513384
59276208
39246295
63222726
73285660
87911884
22447306
89356539
83638276
28306742
81920663
57532514
52329853
27940670
91645589
93026713
96552483
79748123
92906398
17380160
66923955
67504650
32486943
66816559
42950671
25240332
83783929
53828081
55138753
82859611
53594062
33356542
12701502
83883704
92861557
93607556
99888447
31519756
89247561
23209409
26314642
26590167
82630607
84837869
51141618
69539765
99723042
28819377
53267275
31321533
97952632
42006176
81469609
15660936
15883509
81691695
66020237
20213328
46436420
82790032
28944792
75732916
30210236
92279260
14749722
26648722
17115991
15402429
33374423
16442382
25571495
85327977
48102499
42732259
95580546
39076457
96863049
46911168
47498753
67520697
83983927
53354079
25842127
43665076
98366407
21311376
40712282
72275816
71094597
36117752
63472730
74346632
92180079
24637446
82681458
69165889
15191467
81708110
36296384
79045203
85666791
98626407
84991119
40024649
12622794
93744956
82873912
45168080
15668695
24662890
27484491
56235005
77584151
12323571
91980149
71485390
16479741
70836870
70162313
48861448
38700798
28891593
42681453
18154272
70209495
68352972
11191011
89152696
34486547
55377334
37855599
14195861
79442664
60156064
70258541
27352686
15199208
96673099
37995568
14920382
12913220
77674498
14236467
12928562
19936368
17084132
66783124
25519658
27514130
88216503
51227082
48770131
17753984
90049471
14428650
87064389
83292600
46197119
30651158
19114619
49873347
90744268
33318934
57444653
65655417
45860850
79618393
40936758
32510605
13149235
79598742
20458020
76388638
99750103
61940341
82486077
69952927
29115116
87687285
74195487
77858212
69438984
81107160
12602316
14429491
54654985
32176950
33038920
89779111
30692977
22091554
69916678
85898879
16894009
64458031
79585845
29250181
69665923
41137978
95543399
84749210
99714451
30149432
76696796
52764334
67969971
46278127
61457009
46953408
35293708
98511904
73462553
80795839
58929804
83063801
46366745
25081565
66968983
75629196
26230617
88814273
43533651
36689792
91422305
53544352
16204984
75803846
42816080
32103623
90709740
76536168
32647546
44165667
87099745
68965979
86823456
32473218
72293009
95199200
61484494
30966790
97071445
65140241
61691450
68808381
66476243
21992774
60635000
19125756
74338353
80513170
17350300
10323466
95269595
58460361
34001254
96298426
11431232
83266369
34610594
29587785
16309367
37825955
76453752
76731338
50558507
34540691
95391652
32819443
14195682
39398853
80243432
19439936
76425236
57708400
10890200
53009360
23784238
11454215
50946282
74956703
62468652
84362632
16848429
51759099
23608025
62047190
55019782
59865527
95251844
49559550
12821138
57069585
96732106
66999102
46622910
51617029
67863581
62501670
11616824
37258626
55055028
25786522
88967353
24750769
68314616
14219808
19595336
62671254
82831178
49723005
73215039
98123471
97693408
70212604
83061997
34186259
50881315
95218419
56291053
84485075
51188830
92891422
77035156
86053660
44165966
15865349
81191581
42059326
19398237
75976403
93597561
94931768
64765523
38125365
99528001
93008481
48325701
73303549
57660636
91609676
25205184
92605550
30730078
12949300
34450614
48180177
93724363
20698464
45602511
83334505
86676606
72147433
28668381
79650420
83804980
15657464
12913293
47585028
30467071
67984225
10792363
16542347
96799110
87431440
50710892
43057675
37458935
18499210
18417800
84359402
90679508
87036388
95421277
37266746
65135472
61011701
34570006
18493529
47748914
12827236
62184820
69625857
95241157
27619412
48720053
90089289
82702773
23621343
63927365
85959414
64745157
83046562
91672995
57735704
36081125
62741258
47891062
66648201
79311590
39951047
93793868
48380310
39901582
66770801
64460394
34024280
70681481
38427225
94756156
68220804
19074223
79686339
15163533
83724507
90382185
44133821
53071825
41825008
19070161
23613852
11761093
85043229
96433448
61699501
66690135
56022772
33830449
29012314
70330482
85651245
97207054
34510316
38594620
83818768
57572773
48942734
96685202
74156235
87655962
13027186
38759087
30906587
81647257
85216988
70813179
15718360
83917922
84957686
67778233
32501969
35312258
98606543
39567495
18971359
93676826
94480858
36425829
21511053
68959481
19662832
94021964
23858819
88159650
88408059
51113475
97937943
17764457
53961591
41198221
63538909
38691087
23835505
32794269
79953335
96118231
95890213
61842760
49605916
24764279
56898023
21483494
58193308
59223649
93724606
92352123
88820211
18517190
59923254
35405773
27855536
25317194
92242405
51903696
96431990
64969752
58728327
36951702
11275170
96674284
34651362
70039760
28563767
63095309
24378583
58288268
60390142
85572642
18558863
72131159
59631875
13738724
55430809
37824105
60028198
96182859
79086501
32893421
58802149
72601913
95381628
12434979
26311385
64884390
92627391
76003983
18567765
96215443
65482902
83385363
13471519
52301466
27517020
32994687
25635084
29592534
10329194
79475332
25363401
52101910
59115846
41750867
71424891
35643885
72083891
35250964
26934058
73876456
74289313
58081277
15897180
52332454
69706932
38383148
55265417
71387175
70815609
24843526
79006939
40957691
10651519
30808381
75258365
63427827
52662817
58931588
34934042
62547128
28470648
72471518
88197926
92838993
93509170
17397651
11832225
37801076
26523383
68143509
21040758
52606949
58312013
44349076
26228286
65782903
65444915
74013079
89756838
33781684
45586771
17264909
37441722
74855254
76668512
26792553
54595919
19056777
98761681
64629104
48736343
79582818
78968745
96083548
66174354
72544069
35836793
38875126
82007929
47882256
48764320
19799204
85582252
33482805
34249582
26984370
45371252
89540299
51911578
39282720
87569395
63574025
33880596
39424655
31776341
11785672
88829322
91127150
64924618
76855679
71631846
43644922
10324190
42250952
74732911
75976887
83057071
27054124
62398809
49474169
42705657
91303021
20137579
88484136
16726144
50724365
85751296
85043213
43623834
50423897
44462386
64276629
33837646
33107023
97502294
98714293
16139214
54050054
37342334
33712360
19825783
96708888
87160905
32805628
99479233
89541910
25972005
92327860
45950379
45429579
63780693
58274557
41951025
72508015
82990297
11500814
28599646
95348169
58781488
54584682
34835360
77034281
86042258
34050713
31026095
13883499
27964037
17305199
71815131
57492297
55175475
62478639
72537644
20352333
53923310
33128675
98125497
25774305
75059615
21465192
73918457
16056868
35451073
16461378
37679463
68383149
54700371
53981374
23323892
95904743
26906481
64328946
57491030
34647363
51743227
13702468
93710208
14015666
41734259
94531041
69159942
49312083
75966593
64517656
89955431
65449608
11290444
16284174
41981561
30813204
83615828
91247604
50345555
68908739
66026674
37947631
23403984
34567704
41544066
85498669
14352350
33924585
58129139
85903022
24617751
12217422
22238141
65788558
95703505
20343292
99051978
18061566
43350533
73221194
54379525
95926803
43277553
46709946
54858733
57270616
52949792
85393835
15333909
22051223
58662025
60281358
69651074
63693426
93794406
50224705
55284892
71453734
76614215
90921367
59423288
87015339
66248752
61654061
13442269
39100519
82019594
55443490
89766751
34929033
35947924
22867186
70831631
33165137
17977690
20732418
21748417
81446461
53283550
97784470
21086769
81014635
38533122
48217103
69820395
65381964
23517221
57392564
85433254
90710127
42168853
42875387
47837798
32350832
12748356
51002980
19145758
72944354
59059819
27252341
44755773
99699038
57045023
13158454
68480308
98325615
12883583
35803711
70989172
86201852
44398121
83477602
20344623
99688788
21268760
91994358
10422532
99727739
68254506
67898646
27530254
48272600
19828811
30843519
50810264
71125950
93599443
19834149
65299526
35364712
87060146
85018180
25278525
22404428
62047460
48557396
46526815
49351652
29429818
76054417
90865551
45282214
94779853
47222185
88651313
55602655
75911079
44074131
42669972
85940657
29858962
77799900
86551866
23846995
15664405
24665377
32274517
23704034
77855724
73626425
27331917
85168364
18463555
82168221
28084904
85118971
41780731
91320913
70031159
71569301
80212894
11155510
24761188
94267692
96199176
54223545
83714014
80649023
56552638
29001243
38326954
56223985
20079562
47372059
60962596
37448142
66058138
69529996
16513167
56840866
47605031
61904464
32685570
21782071
40346314
62512309
98569196
86116251
77367478
64232212
15507598
60749291
76730116
51099518
59451706
76033201
30626304
28284936
56716658
92760243
87936908
37553792
71809560
64815908
90139666
54965416
26367195
78218941
43132897
50752139
88545884
22432413
40081802
85250294
63094158
91383758
86053884
32313379
56435782
50738354
79744468
74091377
34248019
55759325
88346971
56303403
14555224
80345603
81461258
16421631
55750060
33060137
93524744
39706302
21846873
91216756
53250985
59947148
67384535
36882633
37491735
22927625
36413848
53759938
46413533
75533569
36383155
67277749
73856504
79981512
41315277
74882520
21305303
29410724
87582499
53541170
56862517
14143276
70013293
57840754
57800877
51604060
69771290
66690709
39711233
59999884
26244991
53172060
35455550
37628656
50523436
29881969
78116486
52946218
30729239
50464671
72536173
81220895
71957638
24702806
76654732
55971389
17348229
15361494
96098207
93626158
40423201
62414591
29893364
55990545
50367402
27495109
54448980
38659699
18256551
22542781
38986671
22635647
40936230
34996705
43957691
63873078
72877149
39324674
43434435
99843434
60184539
53567973
51383860
85786694
18017616
23116216
54764288
12336000
57270377
82216146
92172659
96717350
59390586
95441317
91107164
44617362
29209333
65043697
42027895
14368609
59564429
94794835
43434247
97490985
96413971
81452208
20633961
97092967
99773459
37742679
29484408
36729411
64138323
42347220
29858269
37367974
15457506
76221900
17148966
15926706
67351759
68234227
96969564
54311099
62871039
39967768
48007092
44202298
16746850
54183876
43191591
46859346
42076437
25689155
12082059
52610347
94713553
57649387
96826596
15176381
23067008
12920493
48126262
37618195
80449536
41998936
88804309
81421123
20769370
88189867
88134648
72465329
92040215
59625336
96232628
12475827
13424190
62709385
99869076
78351969
95793204
15742403
77984093
35831705
49344464
21710876
15984093
39179552
80950406
61909298
12297311
48897311
75627387
38541040
43151218
65815205
29107653
47008850
27336121
77588366
79799799
93761618
15820626
89910052
32024513
21336976
89593432
91633678
17619139
24973180
36758603
46303241
21688680
87784788
42977303
37874024
57985925
98842087
51532981
87830035
32472835
53861382
75958506
41458482
54354167
61143502
93932259
77906787
28286837
22054027
33602778
25749968
91625968
39958019
10720335
88213388
24275530
84789803
76682820
52802783
68965034
73744970
38895157
82697809
60413591
56868341
57283184
36547202
76538258
28645213
66647585
68316075
82943471
30601569
11183618
76556913
31869671
32226273
21971874
34662418
69694243
19626947
91124202
28739160
96570653
83969704
41986808
55391752
51348305
62801877
59295936
88002578
59318821
57985486
41290484
43792930
90394107
49082856
15439249
56592131
65318937
66802595
95121393
68576960
71726261
24932973
51035044
88451184
66545751
11311585
83988486
16194842
45624947
71920476
87114059
47787825
55029877
54798630
67763604
52992453
66695857
26123537
49213357
99371372
17528567
62504710
67709717
30844095
10231426
36010983
81637166
61430214
23112110
40988804
27135398
63997890
97983968
13424383
76130821
20219028
84199273
46011160
47576349
29831622
35591654
17242524
30857072
47259002
18380565
21467657
90095348
44374782
10017200
85035833
36787450
34328616
31939333
36929675
76555192
21287253
11315910
17127854
94460977
90980551
55878045
21289793
51742558
45491613
14244536
33891635
76458931
17110556
41648732
76196483
22620668
82404499
50352790
99671055
39881091
66772646
97354732
92825066
97105205
24712202
22855737
60044785
23204276
56957330
32230976
99011427
32153141
68389347
16985284
26604899
28409499
40507812
93543787
53368006
10752162
60920370
33701405
63360747
28855238
46684189
68761911
53823213
77138182
67267380
66607098
28197914
93757914
88050998
94723914
72937276
13335014
83119706
60471059
19972464
16116619
52811197
26599623
92555701
50105597
87554483
63130924
41366278
30237442
72209169
65184868
69482960
82385434
71973764
35195952
71721849
68238860
82596351
16265564
20902689
75692601
90005966
98941404
59612364
64667429
96907132
83466425
77178039
53565866
17090310
25843343
31924180
39876481
90079439
52317009
59425378
80126340
12184937
16724484
91487861
45023568
69870416
85963095
96448334
29711558
30447630
44302731
91798303
40823193
25527897
36549348
51965309
16299067
97541607
11889086
13918696
28253073
75794248
76765497
31786505
92903474
19768437
80191195
44578151
68264591
17898618
28854965
92087282
64633599
64842153
31050938
72844693
26196571
51601808
99878161
78114417
85557972
47434259
96080930
52190939
14607179
33915043
94185468
78976874
45576925
16326653
72581123
68401940
57687585
79322702
47657089
94081274
96361697
21608867
12448818
30264079
20217481
60713204
87210379
76686313
93048586
42205892
24042643
47671394
64552490
61798125
88017001
45806881
71893066
20186967
77998303
86607551
61467358
43264837
93229177
46924800
82655587
56322540
95300502
35644725
36867113
54621298
64733096
63014210
51856579
38796184
76242613
59611095
61148681
52314337
88631371
87300728
64120654
17356670
89577658
72204830
86203095
88052587
57256720
50487005
50762399
43650788
58763561
30504622
84284296
68925770
89890181
27545747
86988819
42530389
31918696
90309083
34285266
92042102
18147111
70980722
25500413
52513285
12748069
68429757
44653281
41270536
40753859
42844233
98412431
51032741
27763098
34665003
62556563
73446510
42286112
98250564
80867751
84179486
46552997
79136689
81974336
11063788
89978967
58132317
40807883
30028741
68064491
92143917
61465673
11083388
94325610
96465133
29965666
27702315
36486098
75024876
52714642
36251892
66144043
13519671
21617831
89036337
43298020
88909340
86382105
83127949
63268983
99043600
23978560
78631632
10970127
73719572
18331007
75954610
70359820
19332466
45573291
18608117
94027679
29086837
29165399
16638601
73410844
60384220
59083037
48593964
17300204
98857636
82008668
44178453
40298629
